-0.121966
-1.08682
0.68429
-1.07519
0.0332695
0.744836
0.0336061
-0.526637
0.462532
0.200699
2.12468
0.371721
1.02096
0.783408
-0.127842
-0.336813
-0.687155
1.30842
-0.935842
-2.67237
-0.77274
-0.521566
-2.01529
0.0503679
-0.894625
-0.0131665
-0.18468
-0.679454
-0.0737384
0.858246
0.376912
-0.749272
1.40231
0.805901
-0.335232
0.672569
1.21152
0.0464805
-0.285115
1.15087
-1.31428
-0.131082
-0.470959
0.0722706
1.67327
-0.0102426
-0.405608
-0.315257
-0.60696
-1.59633
-0.988121
0.797139
1.1047
-1.32557
-0.971749
1.56957
0.158739
-0.161904
1.41817
-1.99364
0.567956
-0.0141473
0.515601
-1.19754
1.11675
0.557332
-1.43572
-0.114027
0.941005
-0.218842
-0.417904
-1.04833
-0.134846
-1.10094
0.746108
-0.0824446
0.0958485
-0.0667439
0.0188441
1.14174
-0.15785
1.32769
1.10216
0.450572
0.132609
0.0590086
0.126917
-1.85244
0.990603
-0.226159
0.930069
0.990905
-0.741903
0.0426356
2.00478
-0.121761
0.775815
-2.85657
1.34531
-0.264432
-0.49468
-0.411974
-0.580189
1.6031
0.915132
0.491166
-1.24121
0.561441
0.552047
-0.137137
-0.925458
-0.988967
-0.704301
0.917751
-0.383384
1.20344
-0.357408
-0.337412
-0.449441
-0.273967
1.19776
0.547406
0.697497
1.32223
-1.65522
0.897074
0.0701917
-1.02792
1.65698
0.718244
0.157694
-0.148101
-1.86658
0.576591
2.47052
0.800382
-1.95263
-1.04049
-2.13356
-1.01066
-0.155241
-0.266058
1.17403
0.905076
2.03893
-0.499965
-1.073
0.324226
0.310326
-2.12505
-0.15434
1.19979
1.57041
-0.395309
1.05627
0.814178
0.246996
0.403819
0.00821708
-0.219523
-1.46997
0.227719
1.44558
0.876115
-0.828201
-1.4206
-0.648699
-0.310809
-0.496046
-0.830237
2.24665
-2.49473
0.254104
-0.266293
-1.80695
0.832446
-0.0107926
-0.490853
0.255869
1.6859
-0.184951
-0.223973
-0.94816
0.289277
-0.495083
-1.57681
0.24477
0.373718
1.98181
-0.576553
0.232541
-1.43776
-0.264061
-1.25658
0.893471
0.498055
-0.754735
0.813921
0.75639
0.816666
-0.119264
0.0467312
0.648174
-1.18206
-1.30538
-0.630046
-0.310841
-0.305204
0.403917
0.145677
-0.14996
0.0376555
-0.10097
0.0501953
-0.745222
0.0328764
-0.721057
0.53379
-0.270716
-0.81318
0.800938
-1.80239
0.798906
1.03265
-0.182112
0.574717
-1.57762
-0.273073
-1.67735
-0.625687
0.144427
-1.49281
0.417924
0.71834
-0.767222
-2.2343
-1.04089
0.547373
-1.63431
1.13593
1.2676
0.0366179
1.1216
-1.4519
-1.51859
0.104885
0.259407
-0.516407
-0.719342
-1.40884
-0.178398
-1.56393
0.082862
-0.423737
0.430305
-2.00757
0.427298
-0.0882389
0.591976
0.191229
0.296617
1.28498
-0.708972
-0.274806
1.19924
1.0546
-0.546401
-1.09195
-0.378369
-0.488403
-0.383067
0.0695641
-0.120966
0.0750807
-0.124187
0.759725
0.35527
1.15789
-1.24412
0.0710525
1.05139
2.4877
0.575471
1.97249
0.787009
1.84668
0.113362
-2.92467
0.0238647
-0.506578
2.1489
1.00239
-0.076231
1.55698
-0.128412
1.92362
-1.01702
0.958265
0.247507
-1.78507
0.523237
-1.42032
0.316951
-0.213984
0.534639
0.18582
0.37317
-0.694931
1.22046
-0.736306
0.792834
-1.8335
1.40552
-0.0376108
-0.216166
-0.2098
-1.20529
-1.89677
-0.508348
0.174853
-1.78378
0.177854
1.27013
0.353728
0.119519
0.658296
-0.167429
0.20536
-0.359927
0.184475
1.75934
-0.837946
0.570407
0.66292
-0.0327991
0.961293
1.50029
-0.979904
-0.0429193
-0.812306
-1.07327
1.41334
-0.0787302
-3.70531
-0.166518
-0.761074
0.331002
-1.32827
-1.80377
1.17254
-1.07801
0.307346
-0.448975
1.14083
2.18669
-0.301838
-0.551673
1.15908
-0.894732
-0.417488
-1.23969
1.11629
0.736724
0.179003
-1.72654
0.12101
0.429306
1.06402
-1.20143
-0.146472
1.08904
0.612966
-0.993965
-1.17103
-0.938547
0.767191
-0.657171
-0.195294
-1.91776
1.63881
-0.940773
-1.36656
-0.978687
2.36899
1.02966
0.271225
0.105537
-1.39658
0.780661
0.509031
1.2266
1.3712
-1.98331
0.391742
-1.70342
-0.439559
0.435995
-2.02586
-1.46257
0.559088
0.46613
-0.421493
1.50773
1.08254
-0.502792
1.94761
-0.477283
0.175088
-0.81713
-0.556841
0.207691
0.876221
0.647941
1.78414
-1.37773
-0.303993
-0.919703
-0.818479
0.561505
-0.0280466
0.669551
-0.669825
0.0837821
0.525126
0.00546047
-1.09271
-1.03941
0.0137797
-1.05664
1.57531
0.969769
0.411818
-0.280976
-0.797132
0.604396
1.63625
-0.304881
-0.315896
0.748814
0.331972
1.28757
-1.02
-0.672981
0.902279
-0.676586
0.504657
-0.356796
1.47533
-0.14384
0.264229
-0.62517
0.639803
0.658692
-0.183488
-1.54861
1.25646
0.581263
-0.603143
-1.17711
1.54792
0.617596
-0.251452
1.14513
-0.368004
0.921724
-1.89675
0.347787
0.377254
-1.94045
-0.831333
0.174357
0.298783
0.540069
1.33221
-0.760973
-0.377137
-0.266475
1.62484
0.753642
-1.08705
-0.390263
-0.513867
-0.584289
0.129871
0.498673
-1.45521
-0.289191
-1.50862
0.023597
0.756922
0.3113
1.02236
1.49112
1.28061
-1.01442
0.161331
0.131154
-1.11537
-0.297845
0.837997
0.524619
-0.255053
1.84786
-0.488628
-2.38891
-0.771447
1.5242
-2.84052
-0.806152
1.68064
-0.638961
-1.57431
0.832508
1.39208
-2.01081
-0.0863565
-0.31354
-1.00366
-1.12655
-0.562219
-1.40829
0.202121
2.44942
0.311994
-0.426561
0.360309
2.61002
0.866686
0.893124
0.463119
1.192
-0.820112
1.21236
-2.12544
1.49951
1.50708
-0.107643
-0.316603
-0.283277
-1.22234
-0.798809
1.36967
-0.160596
-0.811269
0.68369
-1.86714
-0.707411
0.0512514
0.123652
-0.973606
1.18339
0.168465
-0.496406
-0.78047
-0.647019
0.144996
-0.0307732
0.0635045
-1.35136
-0.310188
0.763023
1.14492
-0.92189
0.509905
0.523952
-1.00213
-2.84685
1.50667
-0.119209
-0.882695
0.820385
0.326236
0.14949
-0.95592
0.121871
0.993331
0.73488
-0.0218003
1.59728
0.308353
-0.411764
-1.12792
-0.296876
0.464326
0.498607
0.812097
-0.892868
0.0574894
-0.695551
1.02131
0.716115
1.26439
-0.154305
-1.19091
-0.311196
-1.15514
-1.18965
-1.35915
1.10532
-1.39049
-1.67634
-0.0601845
-0.845177
-0.807186
1.15878
0.162221
0.902916
0.129397
1.3761
-0.700376
0.667707
1.25521
-0.181066
0.37367
0.584977
-0.684607
-0.0929334
-0.348911
0.399974
-1.26597
1.49287
0.266675
0.647533
0.351818
-9.50307e-05
0.20722
0.831905
1.08944
-0.537994
-0.814457
-0.194671
0.794315
0.109283
0.909451
-0.872199
-0.782001
-0.570755
-1.99141
1.01428
0.530975
1.64256
0.278755
-0.524398
1.45481
1.01189
1.26994
-0.952084
-1.07231
-0.0699807
0.36858
0.445739
1.2936
-1.45957
-1.56063
1.79739
0.533799
-1.64571
0.467157
0.400119
-0.439143
0.533665
-1.11063
-0.187997
-0.663405
-1.50452
-0.0357646
0.788709
-0.295399
0.33448
-0.0422113
-1.09746
0.235755
-0.84984
-0.000335605
-0.427056
-1.11405
-0.501511
-0.660574
-0.670633
0.783373
0.882527
2.87512
-1.05279
-1.77641
0.134814
0.816537
1.26143
-0.409601
-0.521476
0.889166
0.243842
-0.560563
-0.498819
-0.439126
0.318554
-0.25919
-0.206262
-0.333685
1.10421
0.0512201
0.170378
0.0338504
0.542036
0.938516
-1.32466
1.64067
-0.718354
-2.5822
-0.587905
0.898509
-2.58697
-0.938867
2.0697
-0.470954
1.90091
0.706576
-1.29903
0.898999
-0.694608
-0.804582
-0.191851
1.7043
-0.136293
0.231246
-0.279408
1.97048
1.26484
0.0241217
1.37983
-0.527791
2.11817
-0.707319
-0.876052
0.930405
0.519605
-0.57719
1.11485
-0.416564
0.508175
-0.381591
-0.501854
1.52062
-1.71161
-1.19481
0.534131
-0.488727
-0.0824949
0.462107
-0.604218
1.60103
0.115237
0.024436
-1.11627
0.754307
-0.853273
0.435652
-0.711469
0.164862
0.654392
-0.83568
0.534448
-0.448398
-0.715021
-0.877412
0.397684
1.0875
1.73623
-0.32582
-0.885301
-0.19401
-1.54433
-0.385167
0.72531
2.14216
-2.07547
-0.381181
-0.450935
0.720477
0.719389
0.394935
0.129556
-1.33206
-0.918377
0.781729
0.6674
-0.54306
-2.21557
-0.188083
-0.503992
-0.890039
1.188
0.330841
0.390986
-1.37439
-0.47313
-0.847914
-0.355441
-0.100428
-0.828221
0.474125
1.809
0.626594
-1.22966
-0.149649
1.95104
1.63737
0.0837223
1.76681
2.52071
-0.746459
-0.878568
1.28042
-1.15576
-0.311168
0.961825
-0.480466
-0.677882
-0.0901025
-1.17652
0.583125
-1.01193
1.43709
0.185589
-0.222941
1.70537
0.296976
1.79787
0.431885
0.967907
1.04169
-1.17734
-0.439391
1.08836
-1.06458
-1.33122
-0.0404227
0.16381
-1.5736
1.26821
-1.16983
1.21093
0.365003
-0.508017
-0.284431
0.646509
0.613448
0.0209286
-0.0796676
-1.1169
-1.17065
0.588912
0.780779
-0.387948
-0.78139
0.925075
0.284037
1.20466
-0.487892
-0.537871
0.182034
-1.71774
0.935586
-0.662543
-0.484174
-0.371387
0.186348
-0.573886
-0.687683
-0.55173
-1.08941
0.550392
0.208116
0.616011
1.16587
-0.569921
-0.748369
-0.0151731
-0.443451
-0.25244
0.302513
0.632941
-0.545915
-1.32383
0.182586
-0.313227
0.559121
1.34588
-1.03247
-1.90333
0.903424
-0.996959
-1.17195
0.516871
0.193501
-0.646773
0.991338
-0.419798
-0.168649
0.0729937
-1.40232
2.22739
0.856846
-0.469712
-0.441635
-0.165097
0.689886
0.55471
-0.559789
0.273553
1.25058
0.803724
1.22859
-1.31575
0.0276231
-0.332248
-1.69887
2.52049
0.411942
-0.795572
1.25519
0.141514
-0.190259
-0.996021
-0.331579
0.620159
1.66215
-0.172838
-0.606205
0.355575
-0.91832
-1.26868
1.3262
-0.9209
-0.0377783
-0.225583
-1.05272
0.459212
-1.59026
-0.392039
-0.354947
-0.836448
0.20891
0.636062
-0.239011
0.381094
1.31797
0.0722427
1.37027
-1.14162
1.55619
0.263661
-1.3512
-1.04928
0.897015
-0.922065
-0.732452
-1.90806
0.0773367
0.544505
0.935784
-0.582923
-0.473769
-0.503165
0.239746
-0.344254
-0.482741
-0.359385
0.9785
0.629633
-0.992355
-0.675286
-0.565401
-0.961702
-0.527889
0.538522
0.176898
-0.30375
1.47534
-0.371727
-0.860563
1.38271
-0.820285
0.482127
0.359831
1.82648
-0.936056
-0.495303
2.28972
-0.759637
0.867448
0.134698
-0.839382
-0.78497
-0.432095
0.95643
0.832877
0.179938
-0.410009
-0.0310473
-0.438486
-1.37231
-0.410642
-0.397065
0.422909
-0.137835
1.33295
-1.62098
-0.982414
0.0232225
0.88533
-3.74916
1.22454
0.493238
-0.274085
-1.89948
0.343049
0.393851
-0.114172
0.938794
1.78951
-2.30641
0.305339
-0.595812
0.050334
0.178119
-0.886583
1.10521
0.495276
-1.07095
0.432904
0.824905
1.18301
0.197712
0.109835
-0.172718
-0.552804
-0.55312
-0.761903
-0.815499
2.71628
0.919649
0.585388
-1.65918
0.861671
-0.602582
0.671686
-0.831723
-0.651835
1.06351
1.78654
-1.41017
-0.348881
-0.134762
0.417514
-0.346531
-0.454552
0.408705
-0.813345
-0.966394
0.882998
-1.53273
1.23262
-0.969239
-0.387551
1.12698
0.0648536
-0.255851
0.776248
0.714366
0.137896
0.356433
-0.99402
0.299148
0.988445
-2.23514
0.468999
-1.8097
0.443326
-1.28618
0.318946
0.271507
1.51943
1.49846
-0.0789001
-0.883433
1.21345
0.699802
-0.583634
-0.703785
-0.637085
-2.22332
0.450349
-0.373519
-1.72997
0.759238
-0.00664025
-1.6867
-0.398302
0.360336
-1.77645
-1.05495
0.347137
-1.54825
1.45605
1.70378
-0.349065
-0.455488
0.105613
-0.620968
-0.498544
-0.0269413
-0.764483
-0.828221
0.423179
-0.168716
0.255063
-0.792701
-0.709149
-1.19116
0.66421
0.418323
0.791443
-0.879762
-0.63945
0.226251
0.822705
0.294548
0.809329
0.0585913
1.13628
-0.206057
-0.0059439
0.198451
-1.23604
-1.11087
0.92031
-1.47214
-0.438312
-0.898433
-0.177305
-1.32071
-2.37132
1.31305
0.674977
1.63974
-1.91724
1.98407
-1.29326
-1.56447
-0.144697
0.413612
0.0127942
1.82421
-0.800039
0.591673
-0.635167
-0.390886
-0.336583
-0.0919791
1.75398
-0.77157
0.310153
-0.296929
1.47555
0.302636
-1.11365
0.348411
1.14151
-0.0576086
-1.4251
-0.749762
1.65056
0.108581
0.781341
3.00048
-1.26349
-1.13225
0.309786
-0.675815
1.5877
1.09971
-0.474547
-1.11475
-1.24338
-1.29267
1.44413
1.24407
1.9805
1.82489
-1.14037
-1.05319
0.812823
0.457691
1.03992
-0.88187
1.22588
0.0895353
0.452643
0.049849
-0.43843
-0.0222282
-1.86361
-0.434464
1.5422
-0.0156985
-0.164268
1.8894
-0.664879
-2.17069
1.21923
-1.88767
-0.0399675
-0.393248
0.861074
0.60441
0.446097
0.280572
-1.52826
-0.00952255
0.778026
1.30015
-0.698986
-0.592556
1.87981
1.72784
0.412944
0.98709
0.692034
0.357368
0.441734
0.389506
-3.17332
-0.369987
0.00898319
0.69544
-0.105164
-0.0310909
1.52736
0.0819077
1.87112
-0.212416
-0.673264
-1.11125
-0.435785
1.52289
-1.52193
-0.209932
-1.38477
1.29963
-0.65868
0.291398
-0.610705
-0.599604
-0.518811
-0.591795
0.725489
-1.62383
0.46816
-0.642705
-0.0769454
0.226821
0.718094
-0.0386967
0.125638
1.37181
0.713024
-0.102626
-1.69367
-0.0267777
-1.15957
1.67315
0.548311
0.739301
0.878371
1.25926
-0.358425
2.51831
0.705124
-0.90045
0.930851
-0.487484
1.57922
-1.14469
0.994984
0.778232
-1.20801
-0.0144361
-0.390072
-0.249294
-0.981857
-2.0796
-0.221884
-0.123627
-0.557781
-1.26922
1.93824
-0.890971
-0.162701
2.62013
-0.91071
-0.204418
-0.715746
-1.15605
0.513767
0.132913
-0.636532
0.0772371
0.0944926
-0.424578
0.351316
-0.68385
-1.02714
0.363233
0.0839515
0.298058
0.441227
-0.420614
-1.40954
-0.141632
-0.929686
0.68383
0.700753
-0.776529
0.112681
0.543189
-1.59762
0.684805
0.230819
0.0597053
1.60501
0.0710135
0.59367
-0.175116
0.816029
1.69312
-0.327164
0.520456
1.25177
1.89315
0.514099
0.575203
1.47256
-0.493229
0.55081
-0.296476
0.611988
-0.400524
-1.99979
0.260783
-0.292625
0.650054
-0.39047
-0.666784
0.724334
0.789843
0.130059
1.08842
0.427588
1.44737
0.340051
2.26143
0.452003
-0.13445
-0.665892
-1.17649
1.38509
2.33515
0.175429
-0.0920421
0.608183
0.0194438
-0.0411291
0.33066
-0.419576
-1.44466
-0.239423
1.38389
-0.199058
-1.59652
-1.11883
0.577384
-0.53725
-1.71002
-0.507629
0.214172
-2.26559
0.97446
-0.464302
-2.28293
0.697751
0.414982
-1.6666
0.698937
-0.583914
-0.252423
1.22404
-0.835305
0.713372
1.02723
0.246241
-0.545397
1.8924
0.275605
-1.27067
-1.39041
-2.43233
-1.8398
-0.829506
0.697645
-0.191796
0.392578
1.68715
-0.272127
0.324175
-0.358942
0.477473
0.092713
0.825924
0.888291
-0.656901
-0.963983
-0.715077
2.367
0.811958
2.37546
-1.50974
-0.290199
1.50238
-1.73918
0.56659
0.0554095
-0.697641
0.186771
1.21484
0.567504
-0.342911
0.360533
1.17039
0.0182228
1.03357
0.923001
-0.757499
-0.483553
-1.06241
-1.0092
0.282256
-1.30535
-0.521767
0.289079
0.255693
-0.271156
0.633522
0.0850113
-0.231576
0.773471
-0.420251
-0.0683097
-0.8512
-0.00206563
0.423694
-0.947914
1.66942
0.430383
-0.534703
-1.5819
0.210877
0.00166605
-0.75534
-0.0665139
-0.585283
0.408263
-1.16604
2.06009
0.282138
1.8359
0.336171
0.643486
-0.241888
0.163724
0.0155019
-0.791617
1.0272
-0.390471
0.477401
0.426884
-0.975695
1.71982
-0.376823
-0.202068
-1.73279
1.6897
1.65527
0.319725
-0.679613
0.600679
0.416086
-0.894607
0.949217
-2.04648
-0.149611
1.07924
-1.90517
-0.359728
1.25276
0.806442
-1.22934
-0.0423716
-0.769629
-0.399551
0.986911
1.66678
-1.5926
0.344768
-0.411794
0.390412
-1.18438
0.328539
0.613275
0.168534
-0.273274
-0.142879
0.528121
-1.62003
-1.8589
-0.0652897
-0.604091
0.266026
-0.383297
0.111038
1.49131
0.989575
1.89324
1.74986
-0.195279
-0.178146
-0.11619
-1.37355
-1.23615
-1.52575
-0.169119
1.11281
-0.762383
0.241384
1.55913
0.422384
-1.55803
0.724895
-1.34195
-1.29906
-0.0884313
0.560063
0.877746
-1.08856
0.244829
0.521586
-0.11561
-1.00657
-1.32893
0.668035
1.08352
-0.829224
0.819145
0.662654
0.0223713
-0.492218
0.119912
0.595864
0.869596
-2.30027
-0.260342
0.672029
-0.436968
0.540462
-0.768477
0.489743
-0.294126
-0.269077
-0.802892
0.506155
0.740108
0.617955
0.150274
-0.523365
-0.298232
-1.7297
0.629386
-0.235157
-1.00068
-0.22113
-1.16303
-0.822378
-0.527741
-0.941481
0.0589912
-0.869195
0.541473
0.740128
0.819673
-1.46994
-1.30858
-1.26765
-0.52344
-0.986581
-0.800002
-0.776625
0.02371
0.726829
0.0793535
0.888272
-0.550656
-1.60851
1.34522
0.719336
-0.806152
0.52998
0.809106
0.218496
0.842006
-0.0303966
-0.375068
0.74301
-0.0032339
0.603759
-0.317411
-1.15483
1.31144
-1.23688
0.183777
-0.657316
1.21039
0.403795
-1.05525
0.0203079
0.569714
0.34466
0.306945
-0.516823
-0.17365
1.70568
-2.30699
-1.73654
0.728878
-1.589
-0.846382
1.6618
-0.662936
0.374132
1.05504
-1.91078
1.36461
-0.101959
0.562489
-0.608151
0.605967
-0.0875036
-1.72664
0.0194618
0.238894
0.0851861
1.67634
0.718836
-0.590558
-1.23394
-0.487768
2.82211
-0.927733
-0.951865
0.420319
1.50024
0.135245
-0.0948766
-0.131179
-0.651389
-0.486481
-0.474509
1.66712
0.771508
-0.227288
0.0119261
0.106861
-0.448488
-1.39424
0.437946
-0.320687
-0.420695
0.361836
0.666477
-0.0209614
-1.6786
-1.32667
-0.279671
-2.47311
-1.2086
0.369428
0.598192
0.669607
-1.61151
-1.30667
0.657055
0.19316
0.150807
-0.235646
-0.933031
0.29606
-1.89272
0.734278
-0.702962
-0.745268
0.598736
1.07051
-0.748088
0.66282
1.5131
-0.0269548
0.867302
-0.143624
1.41543
-0.155384
0.842491
0.849307
-0.0860696
1.89419
-2.80195
0.525227
-0.573455
-0.260601
1.15555
0.40108
0.628025
-1.06456
-0.82961
-0.286373
0.225876
-0.468117
-0.693408
-0.224703
-0.423564
-0.199441
-1.04028
0.744291
1.79573
-1.69991
-1.58596
1.15718
-1.30179
-0.478117
-0.536444
0.298596
-0.343074
1.6772
-0.193956
0.744113
2.35625
1.30646
1.76039
0.275969
-1.66714
2.2408
0.916779
-0.998654
0.83736
-0.984893
0.591634
0.976017
-0.469871
0.160132
-1.40082
-2.3659
-1.11481
-1.53431
0.227346
1.11525
0.841959
-2.21876
-0.152675
-0.524535
-0.365636
0.765924
1.31116
-0.484539
-2.15747
-1.13337
-1.12124
-0.989598
-0.246339
-0.50748
1.27182
0.375462
0.137175
1.12224
0.624149
0.258559
-1.33171
-0.0773984
0.468064
0.68403
0.795431
0.60565
-1.07878
0.16697
-1.5084
0.504175
-0.5068
0.3457
-1.09915
0.733241
1.55562
-0.298835
0.694979
-0.949666
-0.260126
-0.0839371
0.710841
0.849325
0.0993946
-1.43411
-0.980815
0.152585
-0.384323
0.745853
0.596836
-1.13078
0.824468
-0.571401
-0.540536
1.37598
-0.794948
0.300246
1.3198
-0.083829
-0.0357084
0.509075
1.75716
0.61265
-0.167408
-0.9715
0.566386
-0.186004
0.433558
-0.84525
-0.941457
1.13146
0.803067
1.83374
-0.0948255
1.13531
-0.186784
0.967546
0.0198641
-0.611958
-0.683596
0.764796
-0.680014
-1.14238
2.03004
2.79051
-0.658092
0.531398
1.16131
0.432389
0.359563
0.638458
0.195348
1.75626
1.0521
-0.0214302
0.112258
1.86616
0.54887
-0.172502
0.307012
0.282138
1.70167
0.757407
1.79605
0.618651
-0.34762
-0.0170868
-0.385098
-0.359772
-1.51775
-0.54887
0.685705
-0.00824698
1.27027
0.308836
-0.960548
0.102989
1.72039
-0.0662751
2.05622
1.24962
-0.455765
-1.2875
0.332297
0.446787
0.391194
2.20412
-0.699954
1.44403
1.09479
0.145902
-1.19131
0.288103
1.44698
0.767979
0.643657
-0.896305
-0.734413
0.857926
0.897275
-1.58369
0.238122
-0.565588
0.692276
0.368776
0.577805
-0.0700051
-0.905397
-0.673243
0.325835
-0.234415
-1.36988
1.70613
0.162332
-0.290474
-0.541133
0.0890307
0.574015
-2.04875
0.195478
0.386301
0.231936
-0.0646077
1.48398
1.33944
-0.570468
-0.623694
0.383231
-0.501766
-0.749801
-0.783655
-1.30758
0.635213
0.673394
-2.59921
1.07093
0.607743
0.256759
1.04283
-1.58103
-0.931795
-1.23414
-0.030235
-0.0132514
0.579048
0.380456
-0.669399
-0.47539
-0.223409
0.851699
0.0853599
0.867741
-1.39874
-0.925339
1.88547
0.34074
-0.243835
-0.569654
1.32925
0.673374
-1.01745
0.99687
0.936255
1.32337
1.43667
-0.636915
-1.96565
-1.40883
-1.71321
-0.724588
1.10825
-0.0752288
0.801063
-0.134053
0.360314
0.897468
-0.502721
-2.01298
-1.27971
-0.183781
-3.30183
-0.320672
0.45601
-1.17274
-0.463649
0.743186
-1.03976
0.122466
1.45799
0.503419
-0.746184
1.11286
0.450348
-0.794835
0.59322
-0.0301164
-1.54675
0.59595
0.0519359
-0.822922
0.01842
0.243594
-0.19211
0.42607
0.585109
-0.856134
-0.461918
0.584068
-0.511598
-0.444143
0.547754
0.632692
0.510924
-1.47683
0.852484
0.154512
-0.222452
-0.773859
2.38926
0.569874
1.27026
-0.453232
0.115697
1.39865
0.538901
-0.480472
-0.309514
-0.378776
-2.59387
0.302611
1.11972
-0.884314
-0.714858
0.377939
1.23789
-0.0271922
1.18441
-0.216381
0.652741
0.395261
0.0687797
-0.192867
-0.421882
-0.695242
-0.725762
1.44615
-0.641626
0.8719
-1.30797
-0.963729
-0.184501
-0.648065
0.348831
0.954227
-0.205462
-0.116241
0.618755
0.679597
-0.127745
-0.199936
-0.894757
0.563906
-0.686078
-0.50991
0.168523
0.38353
0.507076
1.28247
1.02467
0.138089
0.344823
0.210611
-0.435295
-0.356688
1.03829
-0.880985
0.369502
0.276254
-0.748278
1.08554
0.82802
0.838845
-0.190593
0.247753
0.843459
0.72047
-0.10407
-1.12442
-0.12012
0.614841
0.256394
0.565442
0.924157
0.42329
-0.799169
0.56095
0.807656
-0.81902
0.0753069
0.83364
-2.52049
-0.510403
0.871924
0.711594
-0.760641
1.03764
-1.72265
0.358814
-0.836518
-1.78013
-1.7074
-0.848052
0.134385
0.468811
-0.0364902
1.46899
-1.2262
0.107393
-2.00937
-1.01337
1.64473
1.01862
-1.65395
-0.988012
-0.55733
0.657238
-1.33798
-0.418839
-0.234898
0.396476
0.089914
2.21706
-1.5239
-0.796745
0.891929
0.160736
1.5186
2.59544
-0.0242839
-0.362352
0.179242
0.19851
-1.59407
-0.521194
0.180161
-0.707592
-0.618006
1.07463
-0.0711559
0.745844
0.430331
-2.92603
-1.39514
-0.708815
0.756321
0.570808
-0.29669
0.201708
0.278727
-1.53883
-1.01382
0.100471
0.290432
-0.363547
-0.403573
2.51543
-0.523216
-1.76192
0.756088
-0.411647
0.156916
-0.215107
1.06148
0.570055
0.724662
-0.234084
0.284392
1.90142
1.71019
-0.859131
0.73526
0.105134
-0.249976
0.0304788
1.13919
-0.230952
0.132361
0.78175
0.942494
-0.933745
1.05802
-2.90399
-0.77675
0.16037
-0.333335
0.471887
-0.0809764
1.78579
0.331165
-0.88152
0.328652
-1.46873
1.09195
1.52005
2.06761
-2.0908
-0.634933
0.218163
0.200987
-0.138412
2.17792
1.18625
1.15027
-0.796805
-0.531546
-0.770291
-0.00320816
0.361169
-0.702517
-1.12695
1.09727
0.60849
-0.154343
0.444402
2.29828
-0.164104
-0.364437
1.33064
1.1115
0.275592
0.229512
-0.337811
-1.27311
-1.11874
1.13366
0.385523
0.8079
-1.2051
-0.965943
0.74986
1.42884
0.787601
-0.488142
0.360735
1.24763
2.38126
-1.0104
0.33247
-0.716905
0.427508
0.99081
-1.37114
0.661184
-1.08917
-0.451626
1.26193
-1.89546
-0.716929
-0.736206
0.082969
0.574289
-0.0390627
-1.18325
0.522125
0.882397
-2.50508
0.327863
1.08676
0.546244
-0.641718
-0.145265
-1.64457
-0.093333
-1.67721
1.01657
0.0413952
-1.70772
-1.50755
-1.99145
0.560377
0.665147
-0.919076
-2.26062
-0.138779
0.623612
0.773618
2.98849
-0.366469
-0.0314499
0.37049
1.30401
0.0564122
-1.25338
0.496286
-0.95821
1.28383
-0.667421
0.0345637
-0.626041
-1.31966
0.379153
-0.266534
0.106758
-0.751201
-1.26748
0.0775564
-0.501309
-1.2991
-0.768628
-1.97924
-0.890414
-0.172063
-0.151851
-1.29721
0.129227
-0.079471
-0.686634
-0.840478
-2.2597
-0.267877
0.0307693
-0.492207
1.85679
0.315461
0.479781
0.940088
-0.199174
1.53332
-3.02413
-1.03358
0.141352
-0.157059
1.67957
-1.52663
1.08299
0.100514
-2.0628
-1.25694
-1.45398
0.504006
-0.814121
0.63049
-0.450551
0.11292
-1.03282
1.65346
-0.714858
-0.450231
0.857646
1.24611
-1.23621
-0.696514
-2.58753
-1.68397
0.13848
-1.47323
1.16447
-0.818492
0.245317
0.676673
-0.546143
-1.23015
-0.730673
0.370234
0.263064
1.86878
-0.0231054
0.791786
0.0164707
-0.101896
0.653248
0.244151
2.422
0.605436
-0.59264
-0.40317
0.888836
-1.45953
1.07714
1.03299
-0.847401
-0.04249
1.1799
1.6095
0.759973
1.72068
0.123932
0.593271
-0.0199048
0.619844
-0.420116
0.247883
-0.922162
0.105559
-0.463782
-0.555741
1.93527
-0.26092
0.996373
0.972786
0.00971294
0.506174
-0.61239
0.776106
0.552868
-2.044
-0.188455
-0.927776
-0.00895351
1.33287
0.473256
-0.29682
-0.557722
-0.747042
-0.43317
0.410008
-2.7945
0.253087
-1.09765
0.0442763
0.337232
-1.4961
-0.277826
-1.29906
0.260568
1.09631
-0.272777
-1.83901
0.400172
0.842075
0.00507661
-0.342771
-1.02092
0.387174
0.22572
0.446676
-1.19866
2.23178
-0.0538989
-0.920847
0.226531
0.725339
0.124658
0.769858
-0.226978
-0.630675
-0.0410449
-0.824209
-0.482826
0.711286
1.03002
-0.0801585
-0.308655
0.892
-0.325701
0.0647772
1.44133
-1.36343
-0.344621
-2.16954
-2.49209
-0.569812
-1.09143
1.51348
-1.89097
0.783402
-0.413578
-0.020658
0.553656
-1.77248
0.361141
0.761572
-1.37247
-1.14407
0.508046
2.21832
-0.115269
-1.29699
1.53773
-0.235474
0.542874
-0.826725
0.720012
-0.436765
0.828043
-0.183215
0.591257
-0.0668855
1.10574
-1.73436
-0.786106
-1.25876
0.716808
-0.478264
-0.840728
-0.157466
1.32704
-0.22782
1.40421
-0.24397
1.28108
0.0604997
0.465826
-0.147225
0.539092
-0.144758
1.13415
-0.0938558
1.37631
1.05996
0.510771
-1.41292
-1.29073
0.862712
0.201913
0.224258
-1.36778
0.342311
-0.434959
-0.0605281
-0.197776
-0.298783
0.100984
-0.915366
1.74621
-0.647999
-0.812858
-0.204043
-0.0834281
0.99853
-0.767194
-0.6411
-0.649176
0.958176
2.88678
0.575334
1.11382
-0.546901
0.755303
1.38733
1.18616
0.697989
-0.987083
0.25041
1.4198
-1.35471
0.594646
0.410205
1.00544
0.452521
-0.437452
-1.23253
0.7009
1.58392
-0.859114
1.12593
-0.0923386
0.0357757
-0.603211
-0.257037
-0.889762
1.1248
-1.68693
0.536406
0.642572
0.0400893
1.41953
-2.03616
-0.272223
0.813667
0.405158
0.80729
0.0665403
-1.72522
0.226614
-0.0979388
1.33788
-2.06074
0.432439
0.501876
-0.408752
0.735549
-0.62229
0.0123416
-0.839052
0.199058
0.898466
-0.792547
1.4708
-0.00166347
-2.05344
1.25881
-0.244447
1.26487
0.168882
0.0895598
-0.190098
-1.24239
-2.24256
-0.792921
-0.877219
-2.47328
1.54386
0.355823
1.01009
-0.17781
0.434522
-1.07662
-0.108839
0.491915
0.37013
-1.40768
-0.663027
0.804665
0.0980178
-2.33124
-0.0736296
-1.21417
-0.305105
-0.944081
1.0716
-0.225147
1.54413
0.448701
1.87966
0.465878
-0.365055
-1.20672
0.231559
-1.22688
-0.144315
0.453478
1.66613
-1.14298
1.60633
0.905707
1.39056
1.06997
0.382327
-1.27069
0.614754
-0.296684
-2.75622
-1.5402
1.88522
-0.387181
-1.57537
1.04291
0.284775
0.0758466
-2.11969
-0.633847
0.76387
-1.55623
-0.145057
0.0214804
0.498267
0.453714
1.19623
0.141437
0.161336
-0.0288435
-0.127605
-0.50036
-0.396911
0.474318
-0.959688
-0.34089
0.947624
0.798872
-0.720878
0.466821
-0.783579
-0.846036
0.503597
-1.76292
0.0399278
-0.427921
-0.818317
-0.105051
1.11439
0.66892
1.27375
-0.686746
0.826116
0.201044
1.22172
-0.451431
0.854077
-1.05986
-3.23614
-1.63834
-0.51692
-0.499737
0.537931
0.459152
1.2762
0.213602
-0.686754
-0.310426
1.00084
-0.307749
0.27567
0.131649
-0.220672
0.71854
-1.0115
-0.650022
-0.269858
-1.09621
-0.759791
0.0834146
-0.577527
-0.334488
-0.898839
0.951503
-1.77488
0.309097
0.889946
0.455884
0.165221
-1.24744
-1.77433
-0.323671
-1.14565
-1.70751
0.312675
1.25292
0.927481
-0.433776
-1.30802
0.685657
0.119842
-0.697204
-0.106066
-1.61535
-0.0237366
0.193325
-0.319093
0.246806
1.93804
0.68395
-1.0033
1.20322
0.47524
-1.0292
-0.647833
-0.69668
-0.80953
-0.794196
0.986617
0.594968
-0.978588
0.75524
0.172182
2.05412
1.259
0.437664
-0.015493
1.00477
-0.26023
1.50121
-0.0443156
-0.377816
-1.45846
-1.02273
-0.134807
0.478134
-0.322162
-0.212279
1.88721
0.394037
0.832693
-0.973376
1.10858
0.710329
1.20112
-1.48547
-1.23543
-0.361136
-0.872731
0.290923
0.961516
0.0251221
0.533307
-0.526263
-0.523935
-0.726379
-0.0990412
1.33569
1.04621
-1.67988
-0.24478
-0.592777
0.204252
-0.735526
-1.03318
0.789982
-1.75123
1.22256
-0.0379552
-0.750727
-0.944896
0.431255
0.716512
0.499209
-1.34778
0.440952
-0.123791
-0.341424
-0.496166
1.21875
0.198604
-1.81032
0.0901293
-0.472687
0.494103
-1.37194
0.182443
-1.2014
-2.10301
-1.11142
0.238658
1.33125
0.306384
-0.863492
0.680687
-2.77088
-0.310098
0.875419
-2.5055
-1.20513
0.371656
2.11203
1.48859
2.54595
1.05774
-0.748725
-2.19644
-0.0130781
0.923945
-0.202647
0.349947
-0.728327
0.400978
1.52879
-1.27019
0.773879
-0.0440073
1.34556
-1.07837
0.438346
0.142257
0.949194
0.561203
-0.402829
-0.401529
-1.06014
0.248104
0.506817
-0.103585
0.17914
-0.889119
-0.676725
0.535131
0.183809
2.24999
-0.502094
0.466503
-0.698254
0.821543
0.932238
0.833264
-0.79416
0.341649
0.0963424
0.0224028
0.759815
0.424313
-0.473544
-0.617639
0.256317
1.52283
-0.823698
0.119691
0.512549
-0.0518835
0.987215
-0.587908
-0.0488935
-0.00100123
-1.53336
-0.406227
0.961637
-1.46449
0.0530656
-0.432979
1.21192
-0.772549
0.016233
-1.29816
0.656207
0.227648
0.925673
1.36005
-0.250177
0.479332
-1.24134
-0.212223
-0.281248
-0.678484
0.0422675
0.295255
-1.01133
-1.40851
2.04511
-0.0757343
-0.542741
-0.348282
-1.29859
1.09373
-0.0962442
-0.148947
-0.334873
-0.0190372
0.623533
1.01957
-0.0485946
1.1761
0.656177
1.03121
-1.09115
-0.859155
-1.06164
0.243874
-1.06414
-0.539391
-1.25745
1.32152
-1.00849
0.648427
0.0287809
0.193238
-0.0270362
1.25306
-0.403442
0.756821
-1.56209
-0.874414
-0.576031
1.06718
-1.07944
-1.53261
-1.2135
0.215612
-0.970337
1.89873
-1.69082
-2.44881
-1.22171
0.0503727
0.831787
1.33145
1.13516
0.346695
-0.776874
-0.115482
1.00184
-0.978195
-0.963289
2.89019
0.279085
-0.320519
0.0528774
0.888052
1.47658
-0.405959
0.427807
1.19255
-0.235097
-0.411929
1.87453
-0.976872
0.157367
0.595346
-0.40763
0.201907
0.395593
-0.354848
-0.00480357
1.51087
0.902405
0.487153
0.643976
1.36308
-1.82283
0.0161595
-0.357008
0.551173
0.438244
0.38016
-0.960348
0.406067
0.802914
0.757975
-0.499427
-0.401153
0.63363
-0.324412
-2.29272
0.257012
-0.929701
-0.490132
0.101239
0.67192
0.659168
0.36315
1.1893
-1.63833
0.433087
-2.47529
-0.601771
0.211435
0.171452
-1.83945
-0.0964616
-0.711407
-0.388072
-0.403414
-0.547045
0.00755573
-0.117749
-0.496029
0.909594
0.123594
0.118451
0.338202
0.0209642
0.44745
1.56421
-1.11737
-0.795319
-0.540471
0.0725423
0.536206
0.643144
-0.765909
2.29946
-0.587399
1.33407
-1.53034
1.00212
-1.08118
0.0394243
-0.300722
-1.15763
0.445699
-2.05946
1.50792
0.0874458
-1.53746
-0.773994
-0.40559
-0.367946
-1.1821
-0.0250919
1.09408
-1.35524
2.2325
-0.521267
1.32285
-0.713959
-0.696334
-1.21666
-0.00724431
1.15309
-2.24111
1.46942
1.44724
0.431633
1.47868
-2.16198
0.548509
0.678427
-2.14243
-3.3487
-0.311607
-0.0777599
0.0560784
-0.880551
0.613677
-0.0125956
-0.358638
0.792173
0.369771
0.474437
-1.47248
0.10689
2.32368
0.858738
-0.212524
0.633562
0.778067
-0.677674
-0.88954
-0.511246
0.481298
-0.988626
0.508924
-0.949331
0.253047
0.842181
-1.8914
-1.19081
1.60417
-1.10408
-0.161741
0.117917
-0.601405
-0.0338256
-0.32075
0.284513
-0.464974
1.46788
-0.551075
0.381361
-0.0443024
0.708035
-0.41484
0.160475
0.745032
-1.53069
-0.092239
-0.599514
0.344563
0.527398
1.92506
1.20797
0.862158
1.35679
0.476036
-0.922048
0.331642
0.892723
-0.3554
-1.14363
-1.15221
1.78606
1.00086
0.306007
0.716909
0.0732563
-0.79795
-0.796324
0.175966
-1.00917
0.280912
0.323681
1.90926
-0.447794
-1.15242
-2.08365
-1.68987
2.00346
0.522086
0.0250926
0.233099
1.01465
-0.399124
-0.00730513
1.54012
1.46545
0.592898
-0.282384
-0.538716
-0.415344
-0.495872
-0.336212
-1.75032
0.819247
0.00736537
0.557086
-1.44837
0.205973
-0.240881
0.600642
-0.138971
-0.929407
1.63852
0.584902
0.136612
0.383114
-2.35543
-1.04222
-1.63467
0.498517
-0.574018
0.599152
-1.16238
0.152872
-0.383
0.451677
-1.182
-1.80612
0.15669
-0.166418
0.204893
-1.51782
-1.93022
0.214077
-1.30085
-0.12238
1.52333
0.830812
0.714263
0.516512
-0.324146
0.3942
-2.48241
-0.214743
-0.967782
-0.663652
2.05968
-2.16304
1.33543
0.261771
-0.59948
0.478873
1.72659
0.496005
-0.42327
1.76199
0.842415
0.281126
0.894576
1.48315
0.811102
-1.26887
2.03265
-0.972965
1.18352
-1.61643
-0.623201
0.31482
-2.1528
0.838209
0.581548
-1.70766
1.28553
0.479993
-0.659227
-2.1593
0.302687
-1.24639
0.0376365
-0.172432
-0.0808037
-1.47539
0.56827
-0.696535
-1.12704
0.0313847
0.275115
0.57843
0.96919
1.564
1.14507
-1.5782
-0.396298
-2.89681
-0.502204
0.300947
-0.221349
-0.190733
-0.590787
2.65219
0.33976
-0.304222
0.191321
-0.316904
0.562786
-0.63829
-1.00243
-1.39451
-1.26889
-0.652766
0.19722
-1.36065
-1.37806
0.131133
-1.03439
-0.644845
-0.382259
-0.752334
0.0226488
-1.6037
1.27935
1.23025
-0.568322
0.101147
0.369582
-0.746092
-0.924735
-0.777325
-1.39063
0.85441
0.414439
0.73961
0.12162
-2.10604
-0.879499
-0.631672
1.64778
0.277196
-0.634238
-0.935784
1.01274
0.457082
-1.06234
-0.589148
0.652832
0.235583
-0.508949
0.906498
0.971868
0.550417
1.40756
-0.720303
0.786564
-1.24731
-0.450937
-0.0841508
-0.289768
1.43402
0.229377
0.332932
-0.517176
-0.0368859
-0.111381
-0.862712
0.0196894
-0.84725
-0.017846
-1.09998
2.68956
0.780445
0.112973
-1.27569
-0.926955
0.711551
0.3355
0.19746
0.152182
-0.0190413
0.508252
0.25556
1.01996
0.82385
-0.718179
-2.08494
-0.520388
-2.33449
-1.78062
0.908892
1.09241
-1.37599
0.673989
0.0873734
-0.515576
0.336261
0.598984
0.968253
-0.956915
0.052141
1.2196
1.26574
1.63653
-0.911721
0.0195021
1.37178
0.816282
-0.485214
-1.01702
1.45849
-0.117014
0.130801
1.86385
-0.0283864
0.389872
-0.670981
0.169333
0.168301
1.16531
0.815702
1.47945
-0.973795
-0.903866
1.00575
-0.143399
0.332087
1.00287
0.491483
-2.18516
-0.544996
-1.29398
-0.0429342
0.463691
1.806
-0.872893
1.42438
-0.60342
0.550334
-0.765693
0.166729
1.81407
0.355112
-0.68744
-0.0427119
0.0412332
1.66665
0.904505
-0.228809
1.04325
2.98294
1.76836
-0.0235232
-0.0704653
-0.464495
0.148063
-0.546174
-0.625448
1.05203
0.38957
0.093791
0.605668
1.17829
-0.250212
-0.347822
0.778758
0.5717
1.1577
-0.709446
-0.335627
0.167376
0.0368591
0.634052
1.61618
-0.159913
1.13834
-0.878903
0.651956
0.118483
-2.26351
-0.311409
0.20641
-0.159151
0.238537
2.04891
0.995679
-0.795787
0.488289
-1.59503
0.582052
-0.0836436
1.04045
0.561016
1.4438
0.102476
-1.30222
-0.465293
-0.294028
-1.41223
-0.671785
-0.0716826
-0.263892
1.78251
-1.64694
0.488008
-0.320304
-0.00892233
-0.367718
-0.660908
-0.411155
-1.17738
-0.85791
-2.57596
0.345693
1.22763
0.252567
1.09067
0.923046
1.8006
-0.426514
-0.750073
-0.471347
0.0423422
0.770197
-0.280555
1.07757
0.101387
-0.270851
1.13758
0.723153
-1.0614
1.19453
0.125084
-1.74977
-0.228192
-0.517853
0.0676877
1.83816
-3.48151
-1.1459
1.04878
0.801216
-0.907303
1.20958
-0.827708
1.49864
-1.27732
-0.157488
-1.0327
-0.479301
0.765251
0.340705
-1.45144
0.930962
-1.02696
0.474546
-1.40452
0.250023
0.40881
1.27039
1.18522
0.272572
1.39526
-0.520256
-0.515716
1.00137
0.451071
0.290865
0.0478252
0.29232
-0.046514
0.525032
-1.00498
1.84549
-0.257026
-0.567102
-0.747571
1.05034
-0.531261
2.22859
1.25161
-0.0785906
1.97049
0.391354
2.00464
1.53024
2.21516
2.14736
1.28886
0.907253
-0.101839
0.805973
-1.59668
-0.794516
0.794965
0.845161
1.24685
0.301364
-0.601483
0.0478393
0.123979
1.40494
0.533178
1.67672
-0.131062
0.0708209
-0.331388
0.206017
1.5886
0.298847
-0.0112353
0.540719
1.58911
1.45573
-0.0425426
0.154042
-1.3212
1.5111
0.0854817
-1.11832
-0.80033
1.48094
0.231367
-0.350728
1.62794
-1.29457
-0.803698
2.26883
-1.13502
0.0925264
-1.02062
-1.90686
0.924031
-0.0893403
-0.434525
0.0446975
-0.205207
-2.28311
-0.664943
-0.947644
0.308969
0.479956
0.52672
-0.459969
-0.0111636
0.471165
0.169051
-0.782666
1.28611
-0.617659
1.4229
-1.02215
-0.379327
-0.524162
-0.786557
0.974739
-0.356847
0.722034
1.01876
-2.23751
0.927499
1.35904
2.39086
-0.599034
-2.42933
0.758805
-0.00720763
0.199148
-0.245419
1.61003
-1.32525
0.258987
2.29854
0.654078
-0.967045
-0.130874
-1.13343
-0.641657
0.0103483
0.943259
-0.329612
-0.436757
0.607603
0.396621
0.198206
2.40689
-0.832651
-0.464563
-0.600976
0.833728
1.89463
-1.65416
0.253584
-0.0329612
0.379041
2.19845
-1.88131
0.817369
0.40328
0.765708
0.201
-0.523852
2.6266
1.00289
0.809179
-1.22252
-1.37425
-0.769524
-0.785901
-0.0827627
-0.850997
0.646924
-0.852105
1.8698
-0.797959
-2.04152
0.669628
-0.513387
-0.81285
1.87194
2.05813
0.280157
0.937562
0.29424
-0.430693
0.394958
-0.358171
-1.13882
0.105803
-2.13066
0.161126
0.375848
-1.52369
0.40123
1.11427
0.581806
-1.33141
2.61596
0.970119
-0.739379
1.96032
0.265985
0.825802
-0.448963
0.255531
-1.18208
-0.778152
-0.446434
-0.695358
-0.312915
2.38626
1.95814
1.10339
-1.3054
-0.63481
2.04265
-2.21641
1.18085
0.857909
0.906809
-1.085
0.789553
-2.7064
-0.0250434
0.612584
-1.00306
0.206452
1.90273
0.153893
1.67949
0.0661844
-1.75555
-0.474245
-1.92543
0.534688
-0.825
0.499745
-2.05176
0.314629
-0.533412
-0.609698
-1.33629
-3.20915
-0.689898
-0.109279
-0.477164
1.34655
-0.989687
-0.25254
-0.828832
0.155761
-1.06472
-0.296058
0.11078
-2.18012
-0.552978
-1.14299
-0.282138
-0.588693
0.889192
1.04181
0.797869
0.400971
0.247055
-0.899925
0.421197
1.00234
0.776323
-0.923554
0.0320858
0.586215
1.03005
-0.618514
0.0960701
0.349355
0.0903324
0.831016
0.73326
0.039403
0.419897
-0.913832
1.03646
0.493085
0.460818
-0.364264
-1.8296
-0.260724
-0.627516
0.439501
1.29313
0.228025
0.705761
1.48618
-0.477545
0.0516302
0.372385
-0.784941
0.0561906
-0.148307
0.51253
1.46734
-0.845042
-0.0417537
1.1998
0.122135
0.29715
-0.606363
-1.60499
-0.669882
0.361146
0.415746
1.99967
-0.649794
0.448924
-1.61545
-0.604168
-0.363992
-1.29855
-0.902684
0.021468
0.0619901
0.404313
-0.180136
0.742164
0.458228
-0.782097
1.2256
-0.0759314
-2.02804
-0.0618422
-1.54313
-0.413544
-0.239546
-0.496289
-0.854023
1.11029
-0.785854
-0.91273
-0.285793
-0.392618
0.229362
-0.466687
-0.328993
1.6315
1.14557
0.0455312
-1.46463
0.252391
0.21311
-0.736432
-1.68142
-0.694572
-1.09537
-0.856248
-2.43792
-0.982273
1.57263
0.105651
0.748783
1.55082
-1.51545
-0.807549
-0.0440081
-0.0303769
0.539929
0.176326
0.193339
-1.31604
0.306133
1.14587
0.272017
1.94327
-0.347379
-0.254234
-0.0959135
-1.49473
0.709531
1.65618
-0.653369
0.377634
1.66388
-1.15673
-0.733085
-0.306707
0.0309668
-1.20686
-1.61843
1.00745
-1.03397
0.222283
0.535627
-1.29179
0.232992
0.152898
-0.375218
-0.599193
-1.85247
0.819154
-0.556049
-2.74253
-1.17238
-0.618047
-1.126
-0.21998
0.348194
-1.32588
-0.50348
-0.625723
-0.44714
-0.272083
-1.46529
-1.0743
0.895821
1.5495
1.57953
-0.216843
2.39104
0.324733
-0.874718
0.578546
-0.90634
1.08812
-0.582799
1.01506
0.501895
-0.74988
-0.266747
-0.309036
-0.4567
-0.509995
-1.06718
0.187888
0.530837
-0.736314
-1.05561
0.918744
-1.03457
0.333433
0.625683
-1.25322
-1.09476
1.13146
-1.34671
0.141352
-0.70818
-1.52889
-0.26097
0.134733
0.765912
-1.20323
1.44231
-0.252468
-0.714085
0.347828
1.50897
-2.3089
0.693115
1.40134
-0.536323
0.248068
-0.273097
1.00575
-0.274931
0.0383129
0.931667
-0.942434
-0.586924
-1.16011
1.28507
0.0699935
1.07573
-0.200769
-0.411226
-1.29924
0.0590899
0.0518988
-0.470895
0.235444
-1.76176
-2.50668
0.289389
-0.832043
3.20786
0.142997
0.0692138
-1.35049
0.113525
1.19231
-1.40065
-0.542583
-0.869775
-3.15888
-1.85551
0.079069
0.481163
0.824023
0.467896
2.08712
1.48329
0.242276
0.337471
-0.88808
0.933588
0.72939
-0.870609
0.270698
0.0145848
0.204562
-0.126483
1.25094
2.37613
0.298494
0.38762
0.538989
-0.806248
0.244939
0.263347
-1.16633
0.832293
-1.52655
-0.259713
-0.354583
1.20544
0.861391
0.488455
0.531061
-1.26252
-0.456299
0.986839
0.546326
1.40618
-0.125898
-0.60118
-1.81618
0.894973
-0.112728
0.651128
0.976862
0.936697
1.13615
0.767367
-1.90156
1.03435
-1.09297
-1.43557
-0.216812
0.335128
0.139385
1.66801
-0.252458
-0.866824
1.79002
-0.889251
-0.523011
0.798575
-1.98353
1.29401
1.07523
-1.09626
0.630594
-0.377828
-1.18811
0.617727
-0.427446
-1.18132
0.646334
-1.0384
-0.0069307
0.070728
-0.397035
-0.400239
0.859872
-0.220933
-0.197748
0.494633
-1.2601
-0.69796
-0.0702511
0.10129
-0.271306
-0.326998
0.567566
-0.861473
0.360836
-0.574149
1.36767
-1.54955
0.371749
-1.28276
-0.136615
1.06574
-0.571035
-0.297211
-0.227569
1.06512
1.4799
0.53551
-1.60887
-1.46402
-0.460365
0.35927
-0.0345652
0.990876
-1.69605
-1.5153
0.711577
-1.36172
1.14735
-0.476388
0.782142
0.462309
-0.988178
0.340124
0.778422
-0.330945
1.46651
1.12349
-0.0407721
0.330669
0.00404702
0.784759
0.930517
-0.634375
-1.54446
1.13922
0.443509
-1.44431
0.28345
-0.570602
-0.545805
0.95828
-0.464813
1.53212
1.54327
1.61624
0.256442
-0.478836
-0.37973
-0.890996
1.69775
0.505368
1.15361
-1.22956
-0.20254
-0.224408
-0.885155
-1.24164
-0.115448
-1.86658
0.656868
-0.593672
-0.969371
-0.453205
0.986083
2.39667
-0.208126
0.678631
-0.194768
0.386259
-1.55579
0.230731
0.0419446
0.822328
-1.14128
-0.699303
-0.090324
-0.752989
-1.40315
-0.91634
-0.986351
0.429675
-0.128944
-0.144971
-1.05911
-0.004602
-2.34682
-1.03326
-0.304826
1.6524
-0.618114
-0.438768
0.900236
-0.643301
0.264531
-1.53291
1.25611
0.304211
0.403896
1.74129
0.278506
1.11082
-0.905453
-0.382392
-0.340464
-1.24801
0.401869
-0.0406739
0.420541
-0.74298
-1.54307
1.48902
-0.98092
-0.815104
0.743717
3.21787
-0.0321985
0.380578
-1.12708
-0.931234
-0.0231821
-0.459957
-1.03766
0.60921
0.0139043
-0.213292
-0.327012
0.277494
1.10735
0.721111
-0.0681383
-0.081952
-2.43684
0.0925023
-0.45426
1.58999
0.537879
0.183739
-1.5608
-0.75072
1.2531
0.0171496
-0.0729852
-1.10968
-0.185156
-1.39913
-1.74351
-1.82812
1.13947
0.163736
-1.03032
-1.72259
-0.833572
-0.312337
0.106263
0.586791
1.95035
0.21767
-0.567037
-0.126544
1.75174
0.471626
-0.559487
1.34338
-0.812745
0.168913
-0.871657
1.87897
1.33462
0.209568
0.951072
0.131583
-0.0972297
-1.09275
1.14562
-1.62229
1.0671
0.0155144
-0.443717
0.996615
0.263627
-0.682162
-0.323046
-0.693486
1.01393
-1.37608
-1.12838
-0.849149
1.31419
-1.27107
-1.34473
0.459655
0.375241
-1.72113
-0.263659
-0.0425195
-0.960906
-1.16468
1.07317
2.3015
0.426652
1.41112
1.40977
0.416182
-0.0616199
-0.853796
-2.75212
-1.78656
0.0144092
1.1366
-0.57879
1.85919
-0.356938
0.716859
-1.13568
-0.09459
1.14637
-0.453942
-0.972436
-0.20882
0.271887
-0.402863
-1.08641
-0.200302
-1.10659
0.786651
-1.58566
-0.0702465
0.153586
-0.832183
0.0185006
0.521552
-0.865269
-0.185963
0.109558
0.264564
-0.494888
-0.486197
0.647393
-0.164637
0.217332
-1.17512
-1.15722
-0.588745
-1.42922
-0.511711
-0.362624
1.00148
-1.31519
0.566663
-0.272565
-0.803389
1.00979
0.849436
0.354659
-0.622148
-0.892753
-0.0922906
-0.0782471
2.64792
-1.7205
-0.734525
0.975819
0.263818
0.381111
-0.395487
0.139412
0.709299
0.868665
0.304667
1.65214
1.57493
1.76138
-0.0539957
-0.575245
-0.776661
-0.0578496
-1.11774
-1.08213
-0.815614
-0.8006
0.954408
0.545939
-1.54193
-0.460445
-0.986872
-0.392808
0.352006
0.874086
-0.060203
-0.34176
1.35887
0.463667
0.946512
-0.129986
-0.20703
0.642229
1.37627
0.529269
-0.302472
0.236359
-1.06439
0.579869
-0.334596
-0.826996
1.58184
-0.384
0.627399
-0.238155
1.49506
0.107846
-0.216963
-1.40581
1.7417
0.879515
2.05832
-0.111075
1.02881
-1.16846
0.414916
-0.459919
1.03441
-1.37481
-3.15292
-0.0948167
-0.941949
0.507851
-0.104672
0.840503
-0.617693
-1.25229
-3.07158
-0.644721
-1.26886
0.511414
-0.958349
-0.380733
-1.84541
0.131644
-1.66624
-0.95151
-0.787669
0.159033
1.27689
-1.51514
0.939177
-0.375069
1.4078
0.260501
0.114482
0.845893
1.95624
0.664805
1.09215
-0.440587
-0.632928
1.03031
-1.72387
-0.829911
1.07717
0.245203
-0.708776
0.0499338
0.604203
-0.339153
3.48584
-0.0195461
1.76414
-0.497121
0.681542
-0.22044
0.967431
-1.18352
0.345327
-1.48357
-0.361337
-0.345421
-0.600792
-1.03623
-0.0736113
-0.757791
0.264697
0.108965
0.878275
0.738621
0.460703
-0.0738779
-0.674462
-1.21322
0.599492
-1.60161
-1.374
1.41258
0.512324
0.946806
0.892554
1.0189
0.222941
-0.11683
-0.099125
1.61465
-0.269931
-0.981678
0.687991
1.25221
0.737697
-0.541886
-1.10504
1.78648
0.9256
-0.0594006
1.26908
0.154564
-0.347564
-0.88152
0.502162
0.405931
-1.41458
0.568339
1.35764
2.32862
1.51085
-0.53102
-1.36835
0.0642149
1.84599
-1.05154
-0.227221
-0.422181
-0.0835451
-0.510699
-1.08643
0.310231
0.886634
-0.258864
0.776869
-0.563076
0.390632
-0.701645
-0.990175
-0.660911
-0.294764
0.495454
1.32727
1.32309
0.676033
0.726546
2.03158
-0.333535
-0.339219
0.180799
0.49441
-0.585293
1.13947
-1.03694
-0.0579186
0.432068
0.0813566
0.0903795
0.445865
-0.545054
-0.44229
-1.76846
-1.1342
0.075929
0.513899
-1.28712
0.93625
-1.50211
-0.830582
0.0857441
1.67416
-0.619772
0.535567
-0.959843
0.394595
0.737775
-1.11121
-0.489035
0.610725
-1.76079
-0.379334
-0.059476
0.676665
0.268411
-1.01025
1.54058
-0.345018
-0.181688
1.01213
0.582496
1.38198
0.987345
1.21266
0.731379
0.065368
2.07281
-1.5599
0.422881
-1.2967
0.540314
0.670094
0.0165925
0.865508
-0.378076
1.4553
0.614414
1.71511
-1.52142
-0.248985
0.873084
-0.338969
0.0476496
0.0163609
-1.35625
-1.81401
-0.172195
0.743478
0.819
-0.416432
-1.0954
0.229564
-0.527813
1.74932
1.84011
-0.0722058
-0.859967
-0.0171537
-0.88214
0.783479
1.41081
0.263843
-0.323844
1.46946
0.0921058
0.60528
-1.39729
-0.107043
0.221684
-0.155952
0.046656
-0.0178754
-0.726943
-0.71395
0.412403
-1.54375
0.218802
1.17105
1.42556
0.991223
-0.713381
-0.617523
-1.23253
0.791019
0.0689022
-0.410094
-0.893707
-1.5471
-0.0582937
-0.800929
-0.557891
0.592342
-1.12906
-0.362894
-0.189912
0.666306
0.77963
-1.51511
-1.97143
-0.695068
-0.140314
-2.29856
-0.377429
0.247672
-0.411948
-1.36713
0.296681
-1.33651
-0.564488
0.624223
-0.471965
0.844448
1.63053
-1.31257
-2.13325
-1.47126
1.52335
-0.55992
1.42028
1.43168
-1.53798
0.41005
1.31968
-1.12203
0.700142
-0.453625
-0.914248
0.26641
-0.214919
0.0642865
1.04374
0.148884
-0.251911
0.528788
1.36422
-0.0181301
0.0843524
0.0637559
1.05994
1.42027
-1.64867
1.72943
-1.71861
0.0471981
-0.827663
-1.19423
0.116782
0.255375
-0.604688
-0.281465
-0.00573582
0.0435961
0.555781
-0.443385
-0.0815731
0.98019
-0.539972
-0.709261
0.404585
0.986996
-1.19347
-0.0427652
0.761746
-0.560142
-0.933829
1.03091
-0.137065
-0.385452
-0.333799
0.282888
1.29971
-0.959147
0.425893
1.20009
-0.918796
0.305844
-0.210896
0.37818
0.565295
-0.12493
0.698432
0.182143
-0.141564
0.567799
0.155727
-2.23361
-0.900516
0.367188
0.00120242
-0.476006
-1.04413
1.41025
-1.24486
-0.825774
0.543997
0.44607
-0.489444
-0.380394
0.113914
0.0605207
-0.153288
-2.10106
-0.723348
0.347324
-0.884951
1.76187
0.925285
-1.06447
0.18784
-1.45847
-1.70591
1.29686
-0.815045
-0.0556049
-0.531046
-0.760735
0.175944
0.335641
-0.71906
0.580541
0.535225
0.256833
0.549057
-0.107858
-1.29571
1.01198
0.712965
-1.26508
-0.965086
-0.0544961
-1.19138
-0.215907
-0.125334
-0.938872
-1.96535
2.18517
-0.220512
-1.43717
1.03387
-0.98937
-1.52975
2.65714
1.18117
1.01439
0.79602
0.287067
-0.215229
-0.0130774
0.927458
0.556795
0.323224
-1.18062
-1.73304
0.307588
-0.155839
-0.510406
-1.03095
1.12757
0.248249
-0.448444
-1.20137
0.133191
-0.992106
-0.588597
0.233868
0.483417
0.948319
0.786882
-2.42071
-2.48669
1.9264
0.154755
-0.148283
0.800368
-0.220581
1.77537
1.24327
0.554521
-0.776948
0.388989
-0.256978
0.837725
0.355223
-0.713402
-1.24864
-1.1667
-1.07538
0.943485
-0.100622
0.655138
1.44395
0.111118
-1.35316
1.57559
0.673764
-1.0342
0.320807
-0.672833
1.28087
0.409628
0.611228
-0.326664
-0.715243
-1.98978
-1.01421
0.489247
0.187607
-1.82972
-0.86638
0.46307
-1.50196
-0.679895
0.434122
0.239225
-0.749146
0.395657
0.534982
1.1666
-0.661649
1.2103
1.15367
-0.503637
-1.22891
-0.73055
-0.0215209
0.191909
-0.250378
-0.034786
-1.09803
-0.186067
-0.263442
-1.07769
0.267242
-0.417983
1.28233
-1.89798
-0.718218
0.596492
0.643896
0.45993
-1.63116
1.15509
1.53963
0.256558
-1.61226
0.0258082
0.953072
1.83401
0.274822
-0.533004
-0.116349
-0.83099
0.0682866
0.827902
-0.529875
-1.02395
-0.35701
0.314635
0.471238
-0.68104
1.03616
-1.34999
0.291102
-0.16081
-0.383467
-1.46805
-0.501822
0.228786
1.0689
1.95911
2.32653
-2.35037
-0.49699
-0.513452
-0.61586
1.74645
0.0102856
0.739006
-0.197501
-0.784215
-0.0343376
0.393454
-0.38992
1.59209
-1.4703
-1.73225
0.283383
1.11313
-0.0548873
-0.441534
-0.980635
0.0211471
0.345283
-1.08086
1.19936
-1.82918
-1.01747
-0.291997
0.706508
0.0132376
-0.0108149
-1.28893
0.115485
0.0929716
0.692024
0.560427
-1.14049
1.60151
0.164114
0.665371
-0.464886
1.13072
0.763838
-0.615877
-1.39824
0.406808
-0.969082
0.918004
-0.0426936
-2.19722
0.595472
1.45047
-0.554483
-1.37357
-0.109732
-2.32994
0.901264
-0.0810891
0.873313
-0.181089
0.68125
0.0795206
0.334082
0.325559
-0.450911
0.731275
1.58781
-0.72387
-0.569698
0.451535
-0.588075
-0.336601
-0.625627
0.879353
0.742131
0.241453
0.350459
-2.54934
-1.10745
2.07686
1.47356
-0.790784
-0.00723375
-1.21944
0.467752
-0.591395
-0.330863
-0.213059
0.39832
1.12324
-1.50774
-1.32188
2.71259
2.33943
-0.0697255
-0.637657
-0.555214
1.20161
-0.908113
-0.981582
0.180952
0.294259
0.939507
0.217196
-1.01327
0.588698
1.25653
1.10108
0.491616
-1.18795
-2.82944
1.34688
-0.49415
1.93382
1.25083
-0.0122481
0.0280021
1.33099
-0.0489872
0.442536
0.674445
0.428197
2.12922
0.346286
0.0133
-0.454606
0.0779851
-0.362885
-1.05421
0.725053
0.460447
-0.159219
0.0235713
-1.08738
-1.33709
-0.682646
2.09061
-0.730185
1.00965
-0.466197
2.08062
-0.552181
0.960792
-0.561691
0.599234
1.03534
0.947335
-1.3982
-0.860244
1.7938
0.174728
0.90024
0.0844575
-0.603736
0.534105
0.184341
0.850464
-0.0792672
0.433162
-2.59214
-0.739827
0.731613
0.08263
-0.100783
-0.239393
-1.26641
-1.16048
0.967867
-0.0403559
-1.69899
0.288792
-1.06882
0.752242
-0.280359
-0.33412
-0.454205
-1.10033
-0.127013
-1.77219
-0.00988616
0.807119
-0.496064
-0.289162
-0.0600853
-0.112607
0.688511
0.417906
0.522684
1.20164
0.438031
0.510629
0.932544
0.922325
0.751814
-0.593332
0.775562
-0.729662
-1.28464
-1.5231
-0.117116
1.15842
-0.498591
-0.464555
-0.323121
0.598442
0.0903685
-1.83618
0.959902
0.880061
-0.955291
0.387659
1.54399
-0.220891
-1.67049
0.929244
-0.358378
-1.64387
-0.707328
-0.716618
-0.834897
0.199604
0.0853545
-1.04075
0.558406
-0.334169
-0.699771
-0.300222
0.623191
-0.277274
0.223848
0.894681
-0.743699
-0.372208
-0.859665
1.77221
1.37332
-1.03019
-0.172538
-0.72446
0.278189
-0.76351
-1.53345
-0.195832
-2.0565
-1.374
-0.322523
-1.06769
-1.62053
1.50772
-0.417815
-0.690751
-1.48826
1.30134
-0.945376
-0.45619
0.131208
0.112552
0.848006
-0.459136
0.432573
0.479
-0.0244435
-0.331961
-1.53469
0.436785
1.42599
0.336269
-0.392911
-0.492732
0.650761
0.46476
0.587045
-0.279576
-0.0797477
0.691736
0.341706
1.01848
0.12301
0.872313
0.721534
0.342542
0.50622
0.475682
-0.311144
1.12842
-0.444851
0.399287
0.902085
-0.887662
0.0414536
-0.00592501
-0.243997
-0.947991
-0.511037
-0.409103
-0.487166
1.50107
0.156664
0.825846
0.527342
1.18123
0.718955
0.737132
-1.30643
1.25033
0.100462
1.05984
-0.922422
-0.800527
0.976775
-0.25781
0.835212
0.536876
0.665142
0.0312044
-0.491921
-0.728644
-0.604946
0.335917
-0.172322
1.47808
-0.507475
1.14766
0.0464304
-0.291034
-0.334946
-0.906826
0.0286342
-0.259246
0.975056
1.37954
-0.291846
-0.936617
-0.448274
-0.914011
0.150602
0.555463
-0.946698
-2.9045
-0.081446
-0.596748
0.629959
0.660229
-0.646119
0.623837
-0.87072
-0.156033
-0.951018
0.715388
0.561933
0.91048
-1.27693
0.225371
-1.07555
-0.391445
-0.311449
0.427721
0.233123
-0.68912
1.69731
-1.87718
0.51121
0.247413
2.39706
-1.25552
0.272462
-1.16702
-1.5523
-2.58309
0.000150173
0.205779
-0.899152
1.13343
1.91884
-0.905741
-0.941866
-0.471775
0.712711
-0.534339
-1.33334
0.702093
-0.873953
-0.334188
1.32452
-0.115645
-0.160655
0.913698
-0.443168
-0.469986
0.351287
-0.767249
0.51132
1.3261
0.752711
0.708171
1.57328
0.345657
-0.284859
-0.720359
-2.40775
0.286707
-0.975445
-0.285863
-1.51433
-0.108998
1.62575
-0.210002
0.134501
-0.0121279
0.223134
-1.00816
0.0421061
0.256251
0.897232
-0.48317
0.509837
1.22088
-1.31505
-0.298976
-0.331672
-1.26564
1.50022
-0.415789
-0.459064
0.693702
0.678521
1.57071
-1.13149
-0.210779
-1.1159
-0.266397
1.41145
0.277524
0.122305
-2.16318
-0.233531
0.0790296
-0.833638
-0.764522
-2.29984
-0.176078
-0.350369
-2.25564
-0.584563
-0.129845
0.464091
1.25393
0.166894
-0.989885
-1.50488
1.69179
-0.901334
-1.05796
-0.960354
0.0391391
1.27134
0.539851
1.56989
1.96891
1.57856
0.75809
1.2987
0.575664
-1.27472
-0.545505
0.409624
-0.0290673
-0.703434
-0.83917
-0.583049
1.41902
-0.708669
1.43541
0.317277
-1.72326
0.0218797
0.368423
1.65337
-0.719168
-0.385107
-1.14914
1.00477
-0.0482535
0.217897
-1.34734
-0.467859
0.812461
1.42468
-0.303264
-1.36935
-0.957548
-2.00087
-1.53336
0.292814
0.726313
0.123977
-0.652414
-0.985029
-0.617573
-0.176986
2.72784
0.53756
-0.513147
1.88845
0.618704
-0.811683
-0.34882
-1.51832
1.35553
-0.339835
0.0147489
0.207005
0.296627
-1.38363
-0.0104976
-0.807605
-0.699962
-0.446113
0.610986
-0.442923
0.736754
1.13932
0.332959
-0.0121049
-0.120821
-0.294908
0.100175
0.787651
1.04151
-2.00057
0.0852669
0.173728
-0.566547
-0.155036
-1.13274
0.0128724
-1.69057
-1.51973
0.567737
1.14697
-1.26747
0.490667
-0.646505
-1.48407
-0.403709
-1.17066
-0.489421
1.85595
3.01704
-0.352762
-0.176916
0.415872
-0.613595
0.105755
1.30809
-0.525968
-0.838005
-0.0693436
0.560183
0.490143
-0.438124
0.88406
-0.0251097
-0.805417
-0.627077
0.95093
-1.58713
-0.0575042
0.0563205
-0.0430898
-1.57067
0.853024
0.209897
1.06115
-0.76459
0.499766
-0.00501063
-0.794544
-0.467618
0.627319
0.256438
-1.04051
0.71442
0.148128
0.321567
-1.36239
-0.348855
1.60112
-0.896363
0.687722
1.12421
-1.23337
0.470824
0.350618
0.953205
-1.53145
0.568437
-0.0894364
2.60869
0.135887
0.82898
-2.08417
-1.00988
0.733047
-0.236953
0.44447
-0.169892
-0.0101269
0.777234
-1.89504
1.63199
-1.54438
-0.0313725
-0.29201
-1.07029
1.37703
-1.64762
0.335922
-1.41628
-0.320436
0.66744
0.696402
0.25702
-1.41477
-0.456795
-0.74121
0.105019
0.316299
-1.6805
-0.481433
0.60826
0.255039
1.48439
0.670264
0.502727
-0.0437117
0.501436
-0.264987
0.0467073
-0.376765
0.119937
0.583202
1.67068
-0.33754
-0.215554
-0.820882
1.22513
-0.555746
-1.16529
-0.639669
-0.143634
-0.305979
-0.898319
-1.17848
-1.1449
-1.2396
0.832386
-1.09948
0.627308
0.00087809
0.157059
-0.254233
-1.46187
0.399753
-1.6452
0.245073
0.13112
-0.076357
0.202845
0.0468904
-0.283562
-0.129154
1.61368
-1.08516
0.605705
0.0107226
0.723049
2.14169
0.427834
1.5714
1.19204
-1.23821
-0.600599
-0.0672252
-0.0299579
0.429644
0.3705
-0.873444
-0.412922
-1.58647
-0.0926745
-1.35402
0.0345301
-2.43333
-0.433904
0.951667
-2.62394
0.49873
0.883882
0.747083
-0.701798
1.37682
0.486651
-0.89665
-1.29452
-0.567499
-1.7117
1.258
0.556241
2.18044
-0.37114
0.0644595
0.156029
-0.211282
-0.263088
0.244009
-1.29869
0.617116
0.32534
-1.11041
-1.45587
0.744504
-0.108569
0.244824
0.76687
0.662227
-0.629138
-1.89429
-0.576705
0.171694
0.1348
1.01497
2.01528
2.31421
-0.309334
0.188496
1.25804
-0.24507
-0.447638
-0.497797
-0.788458
-0.986973
0.434742
-0.58728
-0.154037
-0.46706
0.241442
0.508815
-1.08951
-0.263812
-0.169635
1.09549
0.168304
0.525075
-2.15895
1.35345
-1.06777
-0.486899
0.897907
0.428465
0.36261
0.563061
0.825773
1.72968
-2.09281
1.56898
-2.79146
1.28326
1.2249
-1.13797
0.607464
0.0140612
0.525793
0.395614
-0.564723
-0.0787906
-0.666086
-1.51481
-1.42287
-1.3871
-1.27324
0.37503
1.02953
0.210096
-0.0851295
-0.962228
0.265634
0.228802
-1.38097
0.652117
-0.217946
-0.670185
-0.00359899
-0.760169
0.296289
0.291355
-1.34233
1.09048
1.45599
-0.739959
0.396862
-0.509587
1.25848
0.178216
1.19051
-0.32822
0.359777
0.831996
1.29014
-0.586233
-0.774457
-0.402125
-0.123268
-0.992463
1.0536
1.11366
0.246533
0.638256
-1.42104
0.20889
-0.0592689
-0.398023
0.752891
0.259074
0.312215
0.125549
-1.47436
0.138944
0.377554
0.721328
2.17923
-0.11454
-0.379647
0.719657
-0.754699
-1.38409
-0.513448
0.135158
0.806188
-0.67497
0.668006
1.96029
-0.229385
-1.50926
-0.306697
-1.77969
-0.876585
0.465759
0.34461
-0.892154
-1.06403
-0.0587377
0.151717
2.02565
0.209585
0.109982
0.782863
0.125152
-0.272707
-0.107112
-2.44058
-0.136463
0.834341
0.751686
1.08337
-0.149802
0.404552
-0.587325
-0.77969
-0.619809
2.02912
0.140526
-0.718517
0.687427
0.231363
1.72886
0.420217
-0.18974
1.81864
-0.438283
-0.531468
-1.6132
1.26799
-1.16876
0.0418152
-0.273997
0.337967
-0.22331
-1.7185
-0.742972
-1.25538
0.394895
0.743962
-0.620561
0.178703
-1.68398
-0.162375
-0.982894
0.602868
1.95072
1.65404
-1.7244
-3.54722
0.970827
-0.80388
0.672381
-0.828313
1.06973
-1.5667
-0.669071
-0.280506
-0.877648
-0.260648
-1.71818
0.366255
-0.473467
-0.131439
0.967441
-0.0868575
0.353204
0.290237
-2.16174
1.0901
-1.80468
0.00599171
-0.704703
-1.28844
0.283681
-1.30272
-0.569459
-0.980233
0.724968
1.39992
-1.74157
-0.743146
-1.96173
2.90455
-0.452092
-1.61198
-0.499892
0.736662
0.119142
-0.866049
-0.167855
1.10905
-0.996766
0.825294
-0.53272
1.45576
-1.43716
-0.277617
-0.885111
-1.33433
2.26377
2.2516
-0.263346
0.466266
0.95185
-1.65389
-0.487796
1.63706
-1.30176
1.06076
0.675459
0.456468
2.17619
-1.70328
0.772536
-1.71188
-1.06959
1.22832
-0.0411896
-0.697346
1.5081
-2.17059
-0.830286
-0.196485
0.211408
-1.62748
0.26196
-0.0489114
2.11541
-1.75922
-1.75357
-0.943078
-0.779352
1.04834
0.373568
0.174161
0.685308
1.34596
-0.121613
0.890216
1.88764
-0.860583
-1.57544
1.08944
-0.994905
-0.647068
0.226039
-0.239733
-0.0791711
1.44704
0.482912
-0.410721
1.74954
-0.412539
0.504175
-0.55251
0.191054
-0.958385
0.496893
-0.435903
-0.463931
1.01811
0.0550449
1.29767
0.59928
-0.0159785
0.485087
-0.307546
2.70989
-1.17101
-0.030798
-0.152078
-0.130922
-0.43208
-0.866619
-1.97966
-0.815106
0.593244
-0.531709
-1.42278
0.360914
0.309528
-0.591754
1.17114
-0.829439
-0.427935
-0.395677
0.947721
0.205685
-0.0677132
0.482627
-0.603697
-2.6923
1.22008
-0.478293
0.0963378
-2.44551
-0.927407
-0.510044
0.416734
0.36641
1.27081
0.226108
-1.61412
0.308497
-0.780309
-0.270861
-2.24298
-1.53923
-0.798886
1.2001
-1.00858
0.823123
1.39571
1.3354
0.334614
-0.948575
-0.0258921
0.208962
-0.693092
-0.20634
-2.30951
0.515769
-0.667786
-1.33067
0.433679
1.54693
0.775773
1.68126
-0.98353
-0.352893
-0.00271719
0.434719
1.12324
-0.0821289
-0.196787
1.2249
0.56587
0.706099
-0.68082
0.759963
0.305823
0.0512936
-1.59964
-0.477922
-1.24316
-0.609169
-0.20277
0.413547
-0.0597297
1.68721
0.164294
0.882872
-0.158476
-1.6903
0.101416
0.781422
-1.02884
-0.911605
1.42607
-0.674386
1.33005
-1.52458
-0.349267
0.534435
1.23567
0.368388
-0.00127464
-0.681927
0.262963
0.828212
-0.401839
1.7051
1.70937
0.0204616
-0.257935
-0.267081
-0.917672
1.31923
0.356702
-0.383458
-1.73388
-0.0323152
-1.20699
-0.4228
0.244737
-0.152011
-1.03044
1.65642
0.331323
0.381546
-1.7251
-1.13284
0.394266
-0.771744
-1.3547
-0.448759
-1.07391
0.478002
-1.5952
-2.81275
0.0687751
-0.539609
-0.0697722
-0.989945
-1.42042
0.50213
-0.466653
0.587409
-0.507254
-0.466474
-1.16582
0.106085
-0.13417
1.16664
0.694591
-1.06022
0.445327
-1.37847
-0.523704
1.87279
-0.390048
0.37972
-0.0446537
-1.22077
-0.378034
0.168721
-0.836023
0.353384
-0.870806
-0.503255
1.08598
0.2563
0.528491
0.437606
1.48479
0.513321
-1.19429
-0.877142
1.11063
2.0899
1.06016
1.10749
-1.56164
-0.273395
-0.680426
0.939264
0.00826929
0.511084
0.630951
1.43048
1.98191
-0.270475
-0.639098
0.132925
0.218668
-0.900458
-0.710803
0.137857
0.0917452
0.712396
1.11247
0.524735
1.70529
0.713625
1.24984
0.652729
-1.10273
-0.249002
0.438441
0.624842
-0.298945
0.642175
-2.05793
-1.43334
-0.437901
0.753179
-0.17348
0.582033
-1.26394
0.657831
0.586189
-0.539427
-1.25768
0.435931
-0.4367
-0.874947
1.17566
2.57394
-0.755118
-0.685907
-1.34818
-1.52185
-1.84952
-0.498651
-0.453488
0.751884
0.291205
-1.76405
0.337863
0.598361
-0.430361
-1.0729
-1.2769
-0.538054
-0.761908
-1.53093
1.59299
1.00224
0.712204
-0.17
-0.478262
1.13947
-0.25654
-1.66942
0.190592
-0.261533
0.954225
-0.723316
-0.00974612
0.262284
-0.365455
-1.03835
1.79241
1.21355
-0.134075
0.926215
-1.14619
-0.674899
1.02032
0.333605
-0.716858
-1.56858
0.277711
0.0530303
-0.787894
2.61592
-1.57448
-2.02592
-0.311657
-1.96921
-1.02036
-1.75228
1.04492
0.943077
0.06191
0.74768
0.219336
0.19072
-1.101
0.678662
0.892351
0.298034
0.565141
-0.438917
0.501473
-1.38084
-1.49658
0.0161289
0.818461
-0.898378
0.651225
-0.740652
-0.880594
-1.21061
-1.22859
0.00788712
-0.740734
0.0635075
0.369085
0.387111
0.292041
0.491037
1.21246
0.0271092
-0.726065
-0.5717
0.409164
0.484176
0.324528
-1.94481
-2.38755
0.715065
0.949381
0.435408
-0.0915505
-0.666559
0.142215
0.943528
0.155539
-1.06236
0.228494
-0.36673
-1.2452
-0.272319
-1.86957
0.265491
-2.771
0.175875
0.436516
1.01354
-0.457621
-0.574173
-0.4248
0.721828
-0.316821
-0.151561
1.24602
-0.444526
-0.80435
0.636982
-0.115886
-0.925964
0.619497
0.362205
0.850981
0.413755
0.407685
-0.248534
-1.47145
-1.61438
-1.0452
-0.0124463
-1.55101
-0.337962
-1.75591
-0.711685
1.75577
0.293602
-0.348405
-1.1486
-1.0167
-0.232689
0.640886
0.452144
-0.292497
1.90653
-0.760518
-1.04822
-1.29042
-1.162
-0.590708
2.23317
-1.33344
0.404468
0.690165
1.63641
0.430402
1.68138
0.372373
0.560055
-1.00178
-2.04939
1.75128
0.346129
-0.334877
-1.4745
0.497794
-1.16307
0.0581103
0.451009
2.43699
0.410252
1.98552
0.782226
0.909987
1.41054
0.555843
-0.197506
0.153333
0.261305
-1.25902
-2.79942
-0.928644
0.366229
-0.940169
-1.53667
-0.490403
1.08392
-1.49462
0.45486
1.23554
0.112222
0.502338
-0.753463
-0.276978
0.0719805
1.17695
2.56876
0.933456
0.0912709
-1.52032
-0.102313
-0.103217
-0.367649
0.96204
-0.165019
-1.54933
-0.609935
1.02817
1.02137
0.0244422
-2.10568
0.666413
0.579802
-1.93897
-2.02931
-0.727089
-0.524872
0.542222
-1.68952
0.304126
0.0323775
-0.840974
0.493548
0.38768
0.418646
0.74574
0.719005
0.0844869
-0.632653
0.354281
0.290204
1.07492
0.403289
-1.7404
1.11498
0.987592
0.668102
0.817612
0.397484
-1.89681
1.01573
-0.535499
0.471549
0.0739137
-0.86121
1.90716
-0.746406
1.53308
1.27817
-1.00558
0.673758
-1.51119
-1.40284
-1.85854
1.35169
-0.830864
1.47294
-0.128385
0.523865
0.590779
1.47315
-1.37198
-1.20276
-0.16676
-0.18994
-1.11644
-0.144087
0.164958
0.819922
-1.66513
-0.342744
1.23825
-0.0718417
-0.0979489
-0.729536
-1.06611
0.720008
1.4219
-0.90338
0.28731
-1.85804
-0.49182
-0.439094
0.525123
-0.00995779
-0.177324
0.670005
0.566383
-0.887082
-0.260995
-1.4805
0.380266
-0.0995422
0.648679
-0.206826
-0.533931
-1.13073
-0.739147
0.901469
0.0309886
-1.78264
-0.637948
-2.57732
0.066413
-0.572214
-0.848742
-0.383944
-1.2009
-0.628886
-0.563877
0.519526
1.63923
-1.64484
0.166155
-1.77574
0.877056
-0.373089
0.0335004
-0.202124
-0.412326
0.718189
-1.2536
1.05357
-0.907423
-0.0395991
1.73614
-0.0101173
-0.305086
-0.223199
-1.59071
1.47872
-1.76236
-1.59724
-1.62347
-1.89741
-1.11879
0.371243
-0.210218
-0.414813
0.124462
-0.966444
1.19717
-0.951922
-0.0539292
0.477169
-0.740434
-0.327484
-0.322851
0.345032
-1.99093
-0.924819
0.409094
-0.536208
0.37159
0.733145
0.684271
-0.506955
0.397339
-1.21443
1.10343
-0.173838
-0.675014
-1.46647
-2.14926
-0.329623
0.989279
0.500085
-0.606143
1.23965
-0.17008
-0.976894
2.22127
0.325552
-0.216954
-2.40402
-2.60344
0.678868
0.555952
-0.439344
1.56034
0.811922
-0.174359
0.518253
1.40539
0.259462
2.0157
-1.67178
-0.89008
-0.522387
0.196882
-0.343168
-3.30202
-0.0828849
1.23051
0.667969
-0.701396
0.259975
0.78671
1.06499
-0.358806
0.742837
0.833438
1.23544
1.35169
-0.426164
-0.382947
-1.41373
0.988669
0.523224
1.11865
0.140329
-0.0509415
-0.499225
-0.0235589
-0.40838
2.0959
-0.184781
-0.41027
0.0675836
-0.383601
-0.00712048
-2.00091
0.730403
0.385838
0.145761
1.5337
-1.17141
-1.67577
-0.934931
0.983035
-1.27357
0.63534
1.43924
0.631445
-2.49518
-0.00403359
0.281128
-0.309783
1.23621
-2.71039
-0.091034
-1.54994
-1.95172
1.00932
-2.93041
0.189854
0.542707
-0.110718
0.313205
-0.690828
1.18166
1.25915
-0.5532
-0.307297
-0.213831
-0.222846
0.132197
0.478139
0.346208
0.0541758
0.78365
1.36364
-1.26584
0.43715
-1.18651
-0.0508028
1.43692
0.997086
-0.592995
0.423195
-0.855953
-0.863929
0.0639687
-0.767355
0.882801
-0.79751
-0.201204
0.119369
0.19212
-0.62146
0.0951925
-1.11403
-1.53638
-0.96319
-0.400007
0.479814
-0.24611
0.226201
-1.02079
-0.203214
0.997564
-0.540115
-0.253403
-0.184009
0.6672
-0.618242
0.526113
0.04244
-0.10185
-1.34501
-0.670851
0.597941
-0.608487
0.279479
1.45877
-1.67346
-1.92083
0.540244
-0.610588
1.71239
0.693684
-1.79103
-0.32486
-0.909965
0.934093
1.51248
0.119839
0.415636
0.175632
-1.14741
0.0747726
-0.692685
-0.153095
0.745845
1.35968
-0.964253
-0.392822
-0.261924
-0.756302
1.84763
1.76973
-1.01707
-0.746115
0.754903
-0.866801
-0.859025
0.0682903
-0.159177
-0.13609
-1.12703
1.38653
-0.683
0.0998181
0.739752
0.618019
-1.14806
1.11238
-0.16878
0.328103
0.230168
-0.427848
-0.281155
0.0379192
0.48794
-0.481398
1.46592
-1.80002
-0.907022
-0.13311
-0.249149
-1.63513
-0.448622
0.101226
-0.0493109
0.0426455
-0.460985
0.298596
-2.87131
-1.20051
0.15361
0.685231
0.958486
0.577402
2.07728
-1.1017
1.11106
1.19504
0.725039
0.724567
1.36784
-1.21216
-0.407426
0.250319
0.911343
-0.954699
-1.69548
-0.307797
-0.186209
-1.0679
0.313529
-0.0659539
0.062103
-1.18753
1.16164
-0.509113
1.60684
-0.873633
-1.71016
0.514348
-0.732165
0.00889031
-0.626275
-0.904496
1.40551
1.54825
-1.2489
0.0822899
0.437025
0.812299
-1.745
-0.235117
0.0842488
-0.373453
-0.224253
0.864584
1.01561
1.0263
0.826022
-0.679087
-1.91316
0.135692
-0.661819
-0.189567
-2.83654
2.06159
-1.24171
-0.744343
-0.0068178
-0.156898
-0.612414
0.967768
-1.03399
-1.28989
-0.820016
0.912017
0.252225
0.17944
0.384172
-2.42188
1.74334
0.895461
1.27892
-0.959256
1.7615
-1.24742
0.219457
-0.434891
2.02637
0.465232
1.14171
1.5979
1.36133
1.48998
-0.0940251
-0.346135
-0.186491
0.482723
0.0970639
-0.69675
1.09474
0.405136
1.42188
-0.716868
-1.6102
-0.575783
-0.513309
1.44496
0.842104
1.33923
-3.04809
0.161003
-0.522463
-1.07824
0.513639
0.609946
-0.33553
1.39267
-1.69595
-0.502888
-0.793298
1.27649
0.288448
0.16989
-1.67919
-1.49145
0.720356
-0.523121
0.405014
-1.33618
0.95642
-0.19133
0.0917362
0.117184
-1.86996
-0.646744
-0.623704
-0.877989
-0.597918
1.89187
-1.17894
-0.909904
0.558568
-0.204789
-0.0632307
-0.461054
-0.00730085
-1.0341
-0.637723
0.637617
0.332793
1.99068
0.360091
0.289936
0.255357
-0.679644
1.00542
0.682386
0.63059
-0.198621
1.65521
-0.504412
0.777366
0.38894
0.164055
-0.111438
-0.128161
0.347495
1.31151
0.115014
-0.0123042
-0.517959
-0.950366
-0.240044
0.951396
0.845732
-1.10377
-0.521294
1.6828
-0.0848785
-0.789463
0.980494
-0.945367
0.0328255
0.0465718
1.59663
0.170302
0.689154
-0.311035
-0.727242
0.258804
-1.82192
-0.544462
0.0288652
-0.0685104
0.199062
0.773021
-0.0246841
-1.14958
0.0343847
1.22441
-1.61685
-1.58903
1.1113
-2.65111
0.670659
-0.0541184
0.939227
-0.0536947
0.705402
2.8077
0.38675
-1.30934
0.919193
-0.20411
-1.2652
0.694015
-0.172927
1.55514
-0.289091
2.00125
-0.357966
0.16795
-0.17495
1.13549
-0.450422
-0.0303425
-1.3499
1.80593
-0.0949404
-0.664495
-0.804308
-1.0601
-0.86832
-1.71055
-1.18147
-0.0646031
-1.29069
0.289515
-1.24346
1.1898
0.133379
0.364238
0.7591
-1.70387
0.410858
0.440992
-0.666468
1.23989
-1.39885
-0.684946
2.02251
1.59337
1.41131
0.40649
0.1614
-1.07423
1.01498
0.367991
-0.267868
-0.344745
-1.09
-0.596059
1.11219
1.34749
0.755617
-0.189419
0.00396336
-0.73476
-2.40721
-1.30361
-1.72906
-0.655408
0.656608
-1.23304
-0.109656
0.361222
1.35459
0.133859
0.376624
0.249094
1.99956
-1.50757
0.0750266
0.575142
1.09895
1.16978
1.38478
-0.766911
0.210374
0.903075
-0.0268366
-1.51863
0.834939
-0.950628
2.61293
0.609554
-1.40733
-1.53228
1.66831
-0.593638
0.813733
0.42605
-0.957343
-1.86293
-0.427822
-0.0730182
1.36368
-1.97195
0.441794
0.850468
-1.72329
-0.320014
-0.663418
-0.184479
0.63287
-0.680378
-1.10839
-1.92072
-0.536162
-1.21897
-0.433905
2.30045
-0.0983675
1.08682
0.0831197
-0.425727
0.0208482
0.840697
-1.25885
0.15444
1.00494
-0.684104
0.813393
-0.109848
0.786469
0.487496
-1.73744
3.97382
-0.588781
-0.654428
-2.53505
-0.972271
0.137284
0.18854
0.764
2.75611
0.0123473
2.15766
-1.35436
0.0689689
-1.82038
-0.610895
1.55178
0.0712032
0.461628
0.285453
0.822068
0.22381
1.5578
0.409925
-0.494362
0.24
-0.591949
-0.592156
0.92011
-0.430917
0.970553
-2.23411
0.753942
-1.43257
-0.320047
-0.358681
-0.0291422
2.06513
-0.802055
0.0439483
1.00584
-0.680146
-1.34054
-0.00323797
-1.7494
-1.42843
0.3733
1.01281
2.13802
0.716038
-0.197797
0.468737
-1.36613
-0.420211
1.21875
-1.69506
1.29017
0.470141
-0.644874
1.21625
-1.84836
-0.073087
-0.950726
-0.597735
1.12446
-1.81537
1.75438
-0.200982
-2.1498
-0.228667
1.43597
-0.228393
-0.968062
0.130467
0.139854
1.67054
-0.0995579
-0.844957
-0.612359
-1.5241
0.229967
0.217105
0.441708
-0.03208
-0.566851
1.37514
0.18437
-0.154303
0.206177
-1.14193
-1.69412
3.43693
-1.60771
-1.8188
2.84631
1.08465
0.681032
0.281343
1.04046
0.798369
-0.430737
1.62201
-0.711237
-0.743702
0.297449
0.958115
-0.84791
-0.391268
-1.14076
0.532307
0.686007
-0.474475
-0.643521
1.2866
0.292454
-0.94578
0.0754572
2.00607
0.110891
-0.602788
0.572632
-0.361452
0.116036
-1.57257
0.322743
-0.465075
-0.458482
0.184019
0.503637
0.352415
0.322077
-0.918717
-2.24739
-1.30595
-0.232632
0.174646
1.45809
1.46575
0.0402295
-0.585987
-0.333519
-0.911978
-1.10034
-1.45854
0.296041
0.227921
-0.739421
-1.42557
-0.149596
0.791754
1.69677
-0.362908
0.606885
2.0852
0.0101038
-0.074707
1.55349
-1.41324
-0.802717
-1.19424
-0.207958
0.661085
-0.328872
-0.437921
-0.117573
-0.85294
-1.32498
-0.827152
0.0812604
1.34499
1.79449
0.91016
0.330585
-0.667102
-0.593966
-0.863484
-0.792958
0.0741866
-0.403418
2.08194
2.01614
0.719546
-0.652059
-2.19091
-0.113851
-0.0377531
-0.44867
0.912508
0.805848
0.728938
1.66534
1.52178
-1.18602
0.241079
-1.63247
-0.217528
0.151384
1.71052
-0.621871
0.552915
-1.7948
-0.3962
-1.35697
0.527586
1.25589
0.489371
0.192695
0.514692
-1.98984
0.131664
0.179486
-0.951984
-0.447617
0.214192
1.22432
-0.38525
-0.885505
-0.107265
1.73638
1.31591
0.831403
1.49255
0.672071
-2.17417
0.550394
0.0240413
0.12425
0.0625751
0.0187776
0.202761
-0.553609
1.18272
-1.01523
1.31502
0.774191
-0.162109
1.39443
1.03261
-0.962756
-2.38199
1.92657
0.294631
-0.0932139
0.0622973
0.681212
0.697778
-0.974011
1.76337
0.598874
0.306812
1.95585
-0.352706
-1.22748
1.48024
0.25315
0.632981
0.278128
-1.35167
-0.730004
-1.36894
-0.321067
-0.570404
0.322881
-0.659992
0.150664
-1.00036
-0.398812
0.311925
0.380067
1.12798
1.50929
0.528113
-1.03461
0.393685
0.64352
1.22227
-1.17003
-0.759126
0.308162
1.06877
0.0270435
-2.64967
0.497183
-0.295705
-1.06561
1.56939
-0.873559
-1.38447
0.870624
-0.972014
-2.22591
-0.706984
-0.764144
-1.1582
-1.34854
-0.256227
-0.331599
0.317717
0.0640186
0.479259
-1.54443
0.520541
-1.5994
-1.07887
-0.51328
-1.16935
-1.60096
3.00891
0.130397
1.12303
-0.4394
0.0702216
-1.01201
-0.0969669
-0.96321
0.328413
-0.00074279
0.546664
-2.10353
1.0419
0.131975
0.575637
-0.803193
0.626178
2.69183
1.39793
1.21094
0.575985
0.449595
-1.0694
0.261398
1.0133
-0.0594062
-1.70944
1.08296
0.0435323
-1.17506
-0.969872
-1.37171
-1.23922
0.351924
1.6896
1.13007
-1.29351
-1.36204
-0.0367364
-2.05705
0.41953
-0.167412
0.438281
-0.49692
1.23958
1.73919
-0.802116
-0.0122274
-0.705845
0.451637
0.302578
1.23298
-0.0477704
1.07001
1.32177
-1.01966
1.98656
0.251652
-0.343442
0.709472
-1.29593
0.948099
-0.573171
1.28519
0.655249
1.01966
-0.648481
0.476092
1.17057
0.903978
0.076523
0.551037
2.01474
0.186887
-0.0209655
-0.514354
0.678004
-0.672328
1.46807
-0.367994
-0.924534
0.320959
-0.493519
-2.03264
-1.26634
-0.201201
1.42776
0.969482
-0.678432
0.989883
-1.73292
-0.63058
0.209025
-1.80163
1.16611
-1.09297
-0.527004
-0.476574
0.756548
1.00961
0.231656
-0.986566
-0.145133
-0.594516
0.931937
0.0424756
-1.66431
1.16237
1.87058
0.20726
1.06983
0.0551403
-0.22001
-2.09856
-0.0628071
0.127955
2.06527
1.2086
0.726824
-1.8025
1.77132
-1.09296
0.154616
0.85136
0.277595
1.51414
-0.9107
0.279753
-0.422398
-0.740834
1.46638
0.320427
0.054691
0.420822
-0.734148
2.82678
0.312704
1.95316
0.388303
1.17489
0.367364
-2.06466
0.466746
0.513427
-0.430066
-0.792733
-1.25816
-0.0300732
1.71482
-0.25639
1.73382
-0.79811
0.917119
-1.26417
-0.202538
-1.32176
1.08884
0.0522171
0.020104
1.51149
-0.320334
2.51997
0.184584
1.35564
-0.115141
0.534954
0.303788
-0.465466
0.211104
0.0210483
-0.323993
-0.413839
0.6687
-1.65459
0.917367
-1.96222
1.99883
0.0625033
1.2894
0.512546
-0.103218
-0.744084
0.287697
0.675444
1.38787
-0.819958
0.757868
0.310489
0.457237
0.122302
1.34289
-0.115072
-1.14628
-2.26956
2.24955
1.40403
1.44015
0.348637
1.24477
-0.25952
0.559914
1.31136
0.286221
0.921079
-0.481607
-1.67425
0.30761
0.875099
0.951795
-0.317969
-1.22358
0.768509
-0.790799
-0.295158
0.324821
-0.252424
-0.153492
-0.0933669
-0.784011
-1.38728
-1.62502
-0.958862
0.364285
-0.564508
0.594934
1.22852
0.371472
0.03542
0.281873
1.84857
-0.957568
0.568914
-0.911481
-0.904529
0.166585
-0.253984
0.0191208
0.925754
0.00251956
-0.833266
-1.59748
0.121599
1.22882
-0.72449
0.213398
-0.935017
-1.65566
-1.00126
-0.203556
-0.431498
0.841023
0.467499
0.190955
-0.555318
-0.596307
-1.04601
2.11979
-0.362775
1.47122
-0.0825515
1.11307
0.299472
0.413886
-0.00152404
-1.04041
0.943206
0.283827
0.0212426
-0.733839
-0.360449
1.25032
-0.247475
0.398935
-0.83055
1.13265
-0.387882
1.1076
-1.08526
-0.856852
-1.61479
-0.459344
2.02484
-0.541545
-0.644484
-0.838236
0.867378
0.565518
1.81842
-0.310967
0.845581
0.395388
-1.83361
-0.0591917
0.831271
0.999851
1.86031
0.221486
-0.405418
0.550244
1.30262
1.01086
-0.141239
0.476713
-2.16573
0.75189
-2.5863
-0.344327
1.91756
0.109907
-0.353374
-0.605772
-0.644179
0.415641
-0.465446
0.473462
1.42384
0.088497
1.49138
0.314543
0.04671
0.761564
0.590149
0.856234
0.372061
-1.02374
1.71396
0.274154
-0.402312
0.0932963
0.65022
-1.16927
1.50895
-0.827726
-2.01238
-0.362518
0.375331
0.887946
0.431322
-0.120718
-1.1564
0.591195
-1.07783
-1.40296
1.24115
0.899664
-0.345635
0.00169365
-0.159389
-0.671241
-0.556661
-1.49572
0.061678
1.11444
0.312097
1.4713
0.0221476
0.9548
0.131751
-0.745861
-1.26994
0.673849
-0.933673
1.48297
0.97195
-0.37513
-1.27603
-0.804676
1.71218
-0.644498
0.830598
0.836263
-1.62522
-0.113895
0.92313
-1.33678
0.424208
-1.32408
1.65811
-1.29573
0.436965
0.342253
-1.34828
-0.40005
-0.581674
1.45389
-0.420034
0.670162
-2.17598
1.14084
0.673224
0.364317
1.03777
0.570718
-2.04978
0.364177
1.79983
-1.16939
-1.59414
-0.813562
-0.734208
0.63391
-0.571398
0.802999
1.0816
0.310189
2.72834
-0.389334
0.340427
0.15296
0.0338423
0.724578
1.16455
-0.803189
-0.00703556
-0.848618
0.0562844
0.480081
-0.491277
-1.44133
-0.890229
-0.304811
1.30001
-0.317647
-0.5638
0.189689
-0.616168
0.736636
1.41241
-0.249157
0.767652
0.287032
0.825782
-2.33082
-0.983242
-1.05486
-1.08575
-0.430102
0.387803
-0.500836
0.980103
1.43727
-0.51059
1.11545
1.01168
-0.403013
-0.306098
0.654215
0.472275
1.71526
0.993501
0.567007
-1.94885
-1.31043
-1.38835
1.16656
-0.628757
0.10841
0.90106
-0.362089
-0.220113
0.418139
-2.47422
0.497251
0.762509
-0.306918
-0.862661
-1.11025
-3.13111
-0.397932
-0.587995
-0.554687
0.477072
0.437766
0.810198
0.201384
-0.979079
0.0368374
-1.59327
1.17398
-1.49145
0.324067
-1.47567
0.248193
0.323375
0.720815
-0.336174
-0.557831
-0.533245
2.45926
-0.189611
-0.324927
1.29867
-1.6971
0.0340178
0.275068
0.158147
-0.236884
0.763962
0.168282
-0.184916
-1.78324
-1.09959
1.13401
0.396069
-0.53114
-1.85474
0.1919
0.17643
-0.379406
-0.73322
0.664432
-2.08765
0.436342
-0.575681
-0.069974
1.85661
-0.774414
0.0105657
-0.84759
-0.434706
1.73011
-1.59337
-0.769211
0.628032
1.68899
-0.266102
0.363505
-0.577595
-0.260479
-0.320681
1.57025
-0.0890204
1.05414
-0.469336
-0.0259959
0.791484
-1.22143
0.488086
0.527444
0.865746
0.196784
1.432
-0.00881889
-1.55233
0.192866
-1.26414
-0.170063
0.0116187
0.612693
1.2792
0.180324
0.488681
-0.48699
1.47535
0.141921
0.229117
0.761294
-0.181148
0.0574438
1.19612
-0.625974
-0.0836638
-0.118214
-2.40752
0.628068
-0.0093549
0.942098
0.961293
0.68807
2.76476
0.825453
0.083846
1.13443
0.858002
-0.388515
-0.0611872
0.212518
0.190794
-0.282645
1.6167
0.706738
-1.59683
-0.0740901
-0.14998
0.0755691
0.201917
-1.16582
-1.26447
-0.0090241
-0.643195
0.257121
0.438316
1.71809
0.957807
0.191976
0.31538
2.00952
0.813803
0.392111
-2.39505
-0.806263
-0.638021
1.86602
0.838609
0.653456
0.504087
-0.397953
0.711769
-0.731898
-1.86054
0.940867
1.40496
-0.607502
-0.799644
0.157201
-1.4326
-0.316429
0.368475
1.48245
0.893393
0.171449
-0.978155
0.952732
1.02306
0.551466
-0.0128446
0.464817
0.664731
-1.72126
0.375031
-0.666858
-1.42863
0.310761
1.11898
-1.21003
-0.340018
0.537514
0.832648
1.39652
-0.251731
0.0527833
2.04834
1.6868
-1.61626
-0.412093
-0.484771
0.425065
-0.768206
0.879785
-0.0712765
0.354236
-0.894762
-0.401234
1.29686
-0.0779457
-0.170681
-0.26364
0.120192
1.79002
-0.835448
-0.854639
0.743134
-0.772949
2.00789
0.513822
0.76606
0.832571
0.279171
0.103078
-1.26141
-1.7858
0.251546
-1.69731
-0.18206
-1.53537
0.0913896
-0.663729
-1.21825
-1.22752
1.2113
1.15563
0.418601
-0.0934703
-1.84608
0.598534
2.0752
-1.76308
0.295862
0.140515
1.3304
-1.71425
-2.10167
0.913373
0.721774
1.42039
1.76319
-1.74351
-0.17176
-0.465694
-0.421153
1.31332
-0.136449
-0.968383
0.210226
-0.18885
-1.52202
-1.03644
-0.173027
-0.285692
1.22947
0.565353
-0.324511
0.330899
-0.626388
-0.943829
-0.642917
-0.568387
1.78512
0.180779
1.02551
-0.567643
-0.484488
0.283258
-1.24627
-1.00207
0.692802
-1.96922
-0.144711
-0.120517
-1.19381
0.0989679
1.27323
0.796868
2.12191
-1.61725
1.69657
-0.252479
1.12502
0.0697571
0.451466
-0.359803
-0.460937
-0.783266
-0.607093
0.284212
-0.144629
-1.50547
-0.9272
0.339881
0.647697
0.185173
-1.63012
0.307283
1.06674
0.340492
-0.054233
-1.71666
-0.260892
-1.75967
0.253506
0.220437
1.12176
0.110207
-0.267784
-1.45335
1.94284
0.0131422
-2.077
-2.56663
-1.47324
0.53489
0.321121
-0.853786
-1.04652
1.61987
1.41004
-0.919136
0.140464
-0.933283
-0.688375
-1.22464
0.2307
0.202474
1.33307
-0.932648
-1.15272
-0.901135
0.559711
-1.23477
0.0841841
-0.757095
0.0880148
-1.30391
1.49164
1.45703
-0.189712
1.3017
-0.266362
0.5394
0.60973
-0.825422
-0.693616
-0.221981
-0.553139
-1.20399
1.70649
-0.158642
0.00663044
-0.759759
0.521515
0.49755
1.40868
-0.132359
-0.556503
-0.100751
0.612818
0.269151
0.0723697
-0.191602
0.347936
-1.32589
0.476761
-0.0557932
0.756201
-0.876018
0.297093
-0.227415
-0.654457
-0.0514703
-0.0739583
1.68106
0.137774
1.71253
0.38628
0.945994
0.825042
-1.28752
0.572601
1.54883
0.0742011
-0.526328
0.456615
-0.528049
0.661816
-0.461757
0.0126881
-0.0673707
-0.893732
-0.0508049
-1.09097
1.3431
1.28572
-0.191292
0.893787
0.451605
-0.979257
-0.475832
0.39557
-1.10523
-0.838497
0.39325
0.523744
-0.657635
-0.472183
-0.985007
0.117834
0.168515
-0.59101
-0.352938
0.357157
-0.00365941
0.624214
1.446
-1.66078
0.722375
0.884979
-1.15032
1.28619
0.54618
-0.321731
-0.938926
0.198794
1.32037
-0.0888636
0.927394
-0.923591
0.96398
1.74687
-0.139493
0.0915947
0.764902
0.254876
-0.972168
0.767879
-0.975856
0.277107
-1.84282
1.3898
-0.110895
0.558782
-1.46757
0.759227
-0.102761
-0.782751
-0.879653
-0.244651
1.4703
1.16278
-0.48575
0.697296
0.0385559
0.534267
1.90827
-0.00554699
1.43336
-0.421215
0.208554
0.808375
0.974542
0.602322
-0.41019
1.72721
1.49055
0.649567
0.298204
1.10177
0.131328
-0.532716
-0.520597
0.397057
-0.900258
-0.342211
0.867067
1.90958
1.27079
0.109965
-1.0142
0.442744
-1.04072
-1.37243
0.565392
-0.743316
-0.00142032
0.405278
-0.214379
0.00491353
1.40215
0.658947
0.62853
0.884421
0.325081
0.720031
-0.788676
-0.882053
0.42535
2.23602
0.577837
-1.80876
-1.14322
-1.21275
0.0455469
-0.490386
0.770094
-1.40784
-0.678318
0.840397
-0.425054
-1.95919
1.20823
-0.917827
0.778229
0.499405
-0.421618
-1.07007
-0.300214
2.01655
-0.864367
-0.0406263
-0.410242
-0.709334
0.637731
0.772063
0.729539
-1.10072
0.907814
-0.324938
-1.32757
-1.56687
0.612002
0.255658
0.792275
8.15543e-05
-0.113781
0.176141
-0.351377
0.355941
1.31862
-1.77423
-0.2272
-2.03147
1.07555
-1.37583
0.511189
1.13821
-0.771712
0.297777
-0.600073
-1.1085
-0.981762
-0.0795619
-2.18741
0.0463263
-1.28827
0.614927
2.75544
-0.0712906
-0.659665
0.641339
-0.236277
0.597774
1.07328
-1.06309
-0.19644
2.28718
0.844144
-0.509126
-1.06143
0.232641
-0.280114
-1.07898
-1.01939
-2.34023
-0.369711
0.40289
0.593416
-0.0622995
-0.743967
-1.33143
0.0197215
0.322431
0.413761
1.08573
-0.116886
-0.489919
0.743998
0.45254
0.374235
-1.07929
0.399371
0.443685
-1.03434
0.788524
-0.266861
0.401937
-1.4581
-1.2877
-0.0538283
-0.545191
-0.413966
-0.29608
-0.585725
-1.00491
-0.161949
-0.266919
-1.67481
-0.230897
1.69423
-0.31712
-1.17775
0.148509
0.0662374
1.97711
0.667107
-0.817255
0.031537
-1.55493
0.617779
1.19129
2.03679
0.420464
0.676655
-1.35071
2.3093
-0.24195
-0.482478
-1.65246
2.33063
0.474859
1.18528
0.26704
-0.138056
0.300333
1.30542
2.07106
0.32341
0.903011
1.03624
0.62926
1.71682
-2.39127
-0.751631
0.346213
-0.50738
-0.441401
-0.0504828
0.30409
-0.0335055
1.18163
0.75369
1.05463
-0.341619
-0.529901
1.65311
-1.61275
-1.25131
0.121082
-0.929337
-0.125759
-1.05774
-0.648113
-1.16436
1.70891
0.374677
0.371733
0.361805
0.455872
-0.0832272
-0.715338
-1.52233
0.532709
-2.06698
-0.476285
-1.27267
0.190668
-0.936671
0.631396
-0.821558
0.580024
-0.0023285
0.94195
0.309275
1.14402
0.533925
0.950406
0.64052
-0.982976
-1.5565
0.383236
1.19968
0.436861
-0.727013
-0.251375
0.759017
1.25919
1.3775
-0.885212
1.14096
-0.169489
-0.627192
0.479412
0.690022
0.35907
-1.39468
-0.673136
0.412976
-0.365667
0.911854
0.907439
0.355453
-0.955461
1.01572
1.18729
0.531719
-1.13388
0.373362
-1.56893
1.04322
-0.357285
-0.480755
-0.0488969
0.646516
0.581207
-0.984482
1.17316
-0.165675
0.657116
0.204277
0.657581
-0.651464
1.88758
0.336638
0.561016
-0.000198435
-1.22074
0.0812723
-1.50127
1.70201
-0.557367
-0.0574809
-1.45582
-1.34342
-0.0588916
1.58022
-0.68956
-2.26772
-0.591607
0.732185
0.730607
1.41666
0.0561386
-0.614591
-1.47546
-1.76045
-0.18322
-1.91124
0.0665185
1.31975
0.615388
0.134211
-0.713434
-1.17824
-0.0848051
-0.367624
-0.0189519
1.60899
-0.197938
-0.847583
0.673415
0.889194
0.781634
-0.742648
0.8991
0.793858
0.539757
-0.239596
0.902123
0.771405
-0.971888
-1.58338
-0.173256
0.417477
0.106117
0.14098
0.93393
0.473446
-0.157128
-0.952459
-1.40904
1.62665
-0.971205
0.479695
-0.383553
-0.347753
0.421666
-0.370546
-0.605063
0.686597
-1.807
-0.673335
0.540385
-1.21692
0.776187
0.629105
0.520954
-1.30658
-1.28536
-0.245792
-0.410685
-0.38279
-0.203754
-0.731513
-1.55332
0.630238
0.306361
-0.379356
-1.56468
1.48611
-1.11833
-1.0985
-1.33477
0.106556
0.367093
-0.132491
-1.24857
-2.36154
-1.97144
0.541088
-0.290866
0.824141
0.036312
-0.806929
1.37035
-0.605174
0.633644
0.105737
-0.471342
1.52217
-0.164406
-0.88355
-2.05252
1.04007
-0.025299
0.0133115
-0.605882
3.01585
-1.20204
-0.0652542
0.107672
-0.556061
0.29954
-0.995282
1.48642
0.0645842
-2.73702
-1.54916
-1.32756
1.22659
-1.4152
-0.536438
0.571966
-1.58611
-0.994419
-1.61192
-0.501403
-0.750778
0.131522
-0.706684
0.625393
1.02563
0.350513
-0.740719
-0.932582
1.79697
-0.979681
-0.41859
1.53018
0.334033
0.513489
-0.715499
0.1941
-2.32355
0.985514
1.31259
-1.52367
0.262361
-0.228204
-0.09688
-0.0899191
0.0669327
0.272478
0.173745
-0.341638
-0.95593
-0.450142
-0.534042
0.763783
0.0624296
0.796416
-0.744563
-0.252062
-0.758465
1.26332
1.14382
-0.7486
-1.31315
-0.182648
-1.20049
-2.11306
0.180277
0.134022
0.534784
-0.190735
0.571294
-1.91574
-0.91626
-1.54878
1.25858
-0.0297826
-0.0407834
1.07303
0.279938
-1.66345
1.48593
-0.6324
1.42444
-0.9841
-0.561131
0.0836794
-0.00679829
-0.136174
-0.509083
0.756888
0.15085
1.04266
-1.05752
0.172018
-0.364778
0.64262
-0.681844
-1.34566
0.0428841
-0.119353
-0.295706
-0.40906
-1.38645
0.138104
-0.207597
0.288073
0.0186589
1.03393
-0.307921
-1.44086
1.16755
-0.321659
-0.213938
0.405412
-0.402338
-0.035615
-1.38827
0.669143
-0.751348
1.65701
-0.135452
0.0693928
1.19219
-1.85627
0.884092
-1.7651
-0.868569
0.735207
-0.33364
-1.50363
-0.346191
0.0489586
-1.54233
1.68738
0.8937
-0.651494
-0.227594
-0.111395
0.271745
0.363644
-0.284692
0.482633
-0.574606
0.973761
-2.39825
-0.57728
-0.788515
0.782881
-0.49244
-0.419408
-0.950305
1.08022
-0.91648
-1.8716
0.76712
-0.660431
1.69876
0.405178
0.445392
-0.308032
-0.219795
0.488053
-0.976874
-0.0453172
0.514314
-0.716379
1.2103
0.976311
0.606469
-0.922318
-0.327908
-2.44178
0.748339
-0.491113
1.36976
0.527042
1.68114
-1.08635
-0.925846
-0.187814
-0.694084
0.269772
1.43734
-1.27439
-0.435291
-1.40495
0.444528
-1.25312
0.834218
0.533094
-0.785075
0.703613
-0.16939
-1.11256
0.815615
0.681752
-0.933962
-1.31427
0.275884
-0.0488917
0.276117
-0.434434
-0.278762
0.61028
-0.0164167
-1.03382
0.217797
0.122306
0.995069
1.41267
-0.860112
-0.111663
-0.520196
-1.06069
-1.21514
-0.883284
0.51421
-1.03691
-0.130657
1.59275
-1.21507
-0.618228
-0.339802
0.0778978
-0.432225
-0.0347055
0.313731
-0.737535
0.092111
-0.303359
0.645683
0.198395
-0.749721
0.785857
-0.155611
-0.0511435
0.872476
0.594692
1.14669
-0.894004
0.788687
0.522806
1.04636
0.0862543
-0.210213
-0.395287
1.01682
-0.989318
-0.878792
-1.59167
-0.241905
1.95796
0.0447266
-0.0838381
-1.08449
-1.04932
-0.768046
0.248123
-0.0322529
0.048967
-1.12637
-0.639087
-0.559629
0.0983357
-0.0512519
0.754638
0.0302824
0.340543
-0.451659
1.47008
0.168326
2.29898
0.38466
-2.42498
1.22286
-0.979429
-0.343551
-0.452083
-0.0281774
0.954278
0.127454
0.536983
-0.116214
-1.50422
0.994902
1.50351
-0.0522894
0.0922436
0.533691
-0.696666
0.75955
-0.975634
0.634065
-0.695982
0.448977
-1.23525
-0.812114
0.439282
0.614715
0.156625
1.17171
0.642873
-0.633252
-0.361651
-1.00275
-0.872074
-2.23342
-0.670939
1.40387
-0.573403
0.916314
0.215351
-0.2641
0.121368
-0.50581
-0.953255
-0.0508109
-0.352966
0.469117
0.384453
1.3372
0.287366
1.11386
-0.432363
1.89277
-0.21261
1.53748
-1.05151
0.251157
0.577231
-0.505724
0.697901
0.444968
0.0822283
0.850538
-2.28608
1.08151
0.513157
1.75064
1.24765
-1.27098
-0.92321
0.330685
-1.08957
0.486882
0.0125711
1.85309
-0.629442
0.799351
1.00548
-0.704537
0.147456
-2.01873
-0.414537
0.112953
-1.83308
1.37849
-0.00837991
-0.274717
-0.164773
-0.20324
0.307712
1.736
0.0548761
0.763919
-0.899049
-0.561752
1.2284
-0.835646
-0.450305
0.944249
-0.348293
-0.268408
-0.351692
-1.36814
0.284117
-0.766867
0.837386
-0.421928
0.585013
-0.407273
-1.43928
2.05555
0.247228
0.0329004
-2.05366
-0.450018
-0.744311
-1.29349
-0.598616
0.587637
-0.356306
-0.711794
-1.04342
0.994438
1.76542
1.14801
1.88554
1.12662
-0.696494
-1.04152
-0.597971
0.473958
0.00783009
0.105161
1.06418
-1.35673
2.37361
-1.33894
-0.318825
-1.22655
-0.813299
-0.445927
0.689984
-1.09322
0.467377
0.228349
1.74889
-0.577037
-0.445509
-0.774087
0.257783
1.02225
-0.981144
0.199955
0.0846655
-1.06309
0.755658
0.717111
0.536913
-0.0887821
1.77448
0.183163
-0.464457
0.0348123
0.118724
-0.557524
0.291286
0.522759
0.361276
-0.790247
-1.0659
2.06231
2.00892
-0.0477392
-1.57982
-1.07077
-0.977077
-1.67803
2.4579
-0.637908
-0.527836
0.113261
0.678901
-1.27505
-0.0526133
2.27005
1.28723
-2.00832
0.448534
-1.00121
0.259354
-0.0656761
-0.173443
-1.07665
1.00192
0.959901
-0.141498
0.296254
0.611518
-1.09461
0.933338
0.189281
-0.414211
1.10742
-0.392679
-0.178904
-0.449752
0.92678
0.0121982
-2.11366
-0.342572
-0.795768
0.152977
-1.37725
0.194729
-1.50653
0.372865
1.24969
-0.293899
0.199287
-0.0914413
-0.465303
-0.198499
0.436283
-0.519929
1.8369
0.540739
-0.142475
0.582653
0.264339
0.635533
0.567881
-1.10571
0.849908
-1.2444
0.311202
0.669172
0.923487
-1.56337
-0.990967
-0.571499
1.81384
-0.45694
0.683391
-1.69747
1.23074
-0.935508
0.535819
0.178118
-1.38638
-0.867406
-0.167281
-1.11692
-0.470544
0.683617
-0.991562
-0.415904
-0.125448
1.36946
1.31152
-0.488695
-1.54252
0.506117
1.47532
-0.429776
-0.062719
-1.14593
0.464465
-1.09797
1.77157
0.172144
-0.677661
1.71695
-0.350754
0.880928
1.17315
0.383863
-1.42483
0.656237
-0.193389
-1.39944
0.024411
-2.13063
-1.02566
0.290161
1.2489
-0.040571
-0.322698
0.0725727
0.843874
1.0525
-0.341346
1.12033
-0.438278
1.18777
0.116075
-0.157654
0.740101
0.293794
-0.72237
1.82914
-0.00607316
1.45006
0.490373
-0.909156
-0.391868
-1.177
-0.0867327
-0.683262
1.3848
0.625023
1.10108
-1.08521
-1.05125
0.242643
-0.66234
0.269526
-1.2158
0.144587
0.684918
0.421864
1.10348
-0.146155
1.67315
-0.254223
1.26739
0.0156354
0.742287
0.781499
-0.911709
-0.430701
0.94795
1.76336
-0.859872
1.7241
2.16861
-2.01308
-1.85829
0.101336
-1.7563
1.17917
0.102972
0.61787
0.719689
-2.14679
-0.545849
-0.770559
-1.96682
0.292878
-0.180632
0.661592
1.64469
0.341146
0.852148
-0.445772
-0.912788
0.698785
-0.106081
-1.99347
-1.48209
-0.0338723
0.65213
-0.679131
-0.512105
-1.33396
0.832625
0.639756
-0.0367121
0.962039
1.84444
-0.291753
0.541558
0.636066
-0.505359
1.12857
-0.913831
-1.22579
-1.8841
0.583083
-0.680391
-0.36104
-0.263281
-1.47485
1.65541
-0.995524
-1.35253
1.19377
0.510413
-2.36726
0.168008
-1.61139
0.91173
-0.423704
1.57187
0.8467
-0.162187
-2.11687
0.968489
-0.00496862
0.150931
1.04318
0.797151
-1.36696
2.36751
-0.746867
-2.65714
1.17892
-0.601218
-1.61318
-1.21597
0.554188
1.12539
-0.753959
-2.06918
-1.26878
-0.48686
-1.77571
0.111557
-0.9592
-1.43076
0.690776
-1.04622
-0.113904
0.890974
-0.374669
-2.8321
-0.228222
-0.783006
-0.108591
0.425133
0.52906
0.541447
-0.104886
1.67277
-1.53372
-0.479426
-0.0884347
0.626248
-1.38717
0.910092
0.37875
0.753375
0.250922
0.529723
-0.764096
0.0391039
1.77406
0.131458
0.714774
1.77852
-0.448103
-0.212006
-1.78878
-0.708555
-0.329908
0.243719
0.347944
-1.30411
-0.0469447
0.381215
-0.387844
-1.33578
-0.214683
-0.61868
-0.586169
-0.47829
-0.50859
0.0547869
-0.724599
0.314232
-0.720446
-1.29574
-0.570185
0.938129
0.513277
-1.72264
-0.26252
0.508096
1.63445
-0.369139
-0.617903
0.823545
0.00226874
1.3207
0.0206062
-0.726448
1.56244
-0.382725
0.267124
0.278892
0.863037
-1.4822
-0.587417
1.3583
-1.44831
0.479731
0.606895
-2.92234
-0.817293
-1.77159
-0.685117
0.736434
-0.857565
-0.462747
-1.21277
-2.33581
0.313488
1.95733
0.035154
-0.731699
0.446012
0.0864754
-1.07926
0.152599
-0.199709
2.47522
-0.0984624
2.09213
1.624
0.189996
-1.11636
0.422787
-1.43181
-0.839009
-0.0206628
-1.46746
-0.786283
-0.443759
0.0239138
0.326997
1.10946
0.535229
0.815032
-0.181199
0.223534
-0.82689
2.20243
-1.10382
-1.14851
0.270492
0.00370486
-0.525843
-0.060487
-0.12779
-0.637305
2.70193
0.935799
-0.74264
0.735604
2.11744
-0.857974
0.497798
1.2698
-0.762125
-1.23945
-0.261053
-1.84496
-0.180791
-0.0735243
0.105835
1.09676
-0.762072
-1.58022
0.133623
0.0816606
-0.202965
-0.37989
-0.71643
0.957907
-0.0191385
-0.360724
-1.57233
0.863512
1.46966
1.80575
-1.41663
0.919972
0.747631
-0.370395
0.353142
-0.912074
1.13273
-1.7072
-0.718711
-0.360541
0.402259
-0.753349
-0.398715
-1.21668
-0.0620096
0.541689
-0.923589
1.1955
-1.22765
0.231938
0.241882
1.17935
-0.182871
-0.304176
0.842527
-1.87816
0.376396
0.947244
0.535398
-1.00983
0.419962
-1.97626
-0.752533
2.19493
0.336152
0.341216
1.59239
-0.865845
0.526645
0.206124
-1.46763
-1.43792
0.566133
0.0431841
-0.250222
1.04671
0.0662499
-0.261735
-1.04246
0.0282617
-1.09283
-0.885859
-1.2096
-0.0559427
0.763709
0.365015
-0.29016
-0.388528
-0.15048
1.57086
-1.26598
-0.404369
1.56076
-1.68375
1.11706
0.64282
1.32483
-0.700887
0.675143
-2.39283
-0.523074
0.413455
-0.443754
-1.00726
0.730542
1.40842
-0.225556
-0.0268697
-0.127354
-0.746337
-0.742535
0.0590315
-0.422048
0.424176
0.814273
-1.50868
-0.301192
0.168759
-0.967878
-0.692574
-0.717329
-0.471978
-0.688178
1.01029
-0.16656
-0.294859
0.639791
-0.0978889
-0.555303
-1.25855
-0.200862
-0.56104
1.73939
-0.756133
1.27597
-0.751757
-0.712437
-0.156773
0.887231
1.27541
0.408497
-2.15795
0.000392813
0.295903
0.195538
-0.91927
-0.860358
-0.0890271
0.612188
-1.37403
-0.367201
-1.60837
-0.64063
-1.93264
0.52299
0.166647
0.925451
-0.368793
0.586682
0.494497
0.535582
-0.67166
-2.2782
-1.27194
-1.38395
2.30848
1.253
0.664765
0.0298625
0.420866
0.704525
-0.324429
-0.768952
0.0799899
-1.06563
0.844868
-0.223786
-0.10944
0.169099
-0.127769
0.606766
1.49833
-1.04611
0.332721
0.83342
1.84822
0.0885506
0.74026
0.618329
-0.0783152
0.170173
2.17729
-0.497826
0.225492
-0.703595
0.782364
-0.521333
0.567918
-0.988841
0.743798
0.633067
-0.947432
0.830855
0.981875
0.690006
0.771258
1.82782
0.285874
0.509428
-0.654399
-0.117631
-2.89488
-1.01142
0.80944
-1.42778
-1.25953
-0.841095
0.902519
-0.557876
0.495176
0.545773
-0.250147
-1.12979
-0.27899
-0.828312
-0.294503
-0.515236
0.755258
0.172125
-0.384384
0.274601
-1.96569
-1.01214
0.367899
1.11274
-0.180741
-0.626829
0.629789
1.71259
-0.471981
-1.56261
-1.21376
0.551429
-0.353794
-0.786657
0.972819
2.49907
-0.638305
-0.423994
1.20583
0.813273
-1.66411
-0.469364
-0.0930189
1.02329
-0.00719369
-1.06679
0.651619
-0.0933689
1.51005
0.257773
0.114681
0.512376
-0.0166557
-0.594302
-0.0667959
0.980896
-0.242132
-1.26074
0.400548
1.01202
-0.25807
0.926031
-0.989822
0.923519
0.407506
0.183116
1.36105
-1.99145
-1.0488
0.0632975
-0.138044
0.664423
1.37796
-0.974648
-0.303764
0.400673
-0.247788
-1.27572
0.590939
-0.116596
1.59296
-0.7114
-0.345983
-0.145941
-1.11556
1.48593
-0.693463
-1.06508
-0.945199
0.884845
-0.0114424
-0.181463
0.659286
-1.4284
0.871138
0.936656
1.41044
-0.999098
-0.042213
0.622794
-0.411525
0.882873
-0.854419
-0.487374
0.336596
-0.898812
-0.218577
1.17741
0.772169
-1.13466
0.718244
0.359791
-2.06402
-1.60733
-0.635184
0.0367052
-1.19093
-0.197612
-0.139074
-0.908346
-0.573389
-0.315458
0.839093
-0.334529
2.23238
-0.181248
-1.24569
0.198124
1.02308
-1.32535
0.346725
-0.288848
-0.397902
1.31839
1.03263
-0.305501
-1.02064
0.678336
0.745889
1.31724
0.555542
0.52138
0.432174
0.794074
-3.06626
0.213017
0.908958
-0.864092
-1.3937
0.544907
-0.259105
1.81565
0.327961
-0.203841
-0.899781
-0.0889085
-0.602731
-0.0523431
-0.444635
-0.94196
-0.550958
-2.32087
-0.876259
0.170184
0.388088
0.473076
0.654816
-2.08537
-0.989833
-1.9533
-0.557933
0.108267
1.02536
1.22474
-0.964894
0.56775
-0.653653
-2.11601
0.814859
0.0968453
1.84713
0.371645
-0.332409
-0.770099
-0.327667
1.64412
-1.79012
1.66701
-0.464405
-0.61992
-0.282099
1.75147
-0.411224
-2.5458
-0.39415
0.0304133
2.77303
-1.21871
-0.393924
-0.706968
0.0240279
0.372129
0.426855
-1.40809
0.974876
0.221654
-0.565825
1.11026
-1.50741
-0.48052
-0.56042
0.0532627
0.07252
0.193786
1.15465
1.34565
-0.974824
1.13774
0.340856
-0.0976759
-0.700562
-0.523122
1.62818
0.656652
1.07916
-1.29016
-0.143822
-0.405889
1.31833
0.791596
-1.33479
1.55608
1.98669
2.17243
0.620807
-0.269739
0.0855575
2.20346
0.338115
-1.44581
0.784985
0.949
0.351337
-0.715647
-1.15452
-0.412789
-0.627499
-0.68744
0.253915
0.0531652
-1.39787
-0.507108
-0.434585
-0.701895
-0.519466
-0.0768033
-0.291777
0.806493
0.344005
0.213471
1.23648
-0.352774
1.10276
-0.0268951
0.435583
0.827949
0.611183
0.774091
-0.991421
-1.75088
